NMec = 98495
T = 22
P = 1
Profits ignored
Solution time = 1.730e-04
Programing Tasks = 10
Terminal Cases = 48
Task date  Profit    P
  2   99    1        -1  
  3   9     1        0   
  5   32    1        -1  
  11  28    1        0   
  19  42    1        -1  
  32  40    1        -1  
  40  48    1        0   
  48  67    1        -1  
  58  60    1        0   
  88  107   1        -1  
  93  104   1        0   
  105 110   1        0   
  140 149   1        -1  
  145 152   1        0   
  153 171   1        -1  
  158 170   1        0   
  169 190   1        -1  
  171 189   1        -1  
  183 194   1        -1  
  186 204   1        0   
  201 209   1        -1  
  209 214   1        0   
End
