NMec = 98495
T = 23
P = 1
Profits ignored
Solution time = 4.155e-04
Programing Tasks = 10
Terminal Cases = 720
Task date  Profit    P
  5   16    1        0   
  12  22    1        -1  
  13  19    1        -1  
  37  50    1        0   
  40  60    1        -1  
  43  148   1        -1  
  54  69    1        0   
  59  192   1        -1  
  69  83    1        -1  
  89  99    1        0   
  91  102   1        -1  
  93  114   1        -1  
  112 117   1        0   
  116 124   1        -1  
  133 155   1        0   
  152 159   1        -1  
  167 182   1        0   
  169 180   1        -1  
  185 203   1        0   
  201 206   1        -1  
  208 214   1        0   
  218 224   1        0   
  221 228   1        -1  
End
