NMec = 98495
T = 24
P = 1
Profits ignored
Solution time = 2.570e-04
Programing Tasks = 11
Terminal Cases = 12
Task date  Profit    P
  2   19    1        0   
  13  29    1        -1  
  19  149   1        -1  
  20  217   1        0   
  21  30    1        -1  
  21  237   1        -1  
  35  219   1        -1  
  52  64    1        -1  
  79  88    1        -1  
  80  85    1        -1  
  84  100   1        -1  
  93  107   1        -1  
  118 132   1        -1  
  120 122   1        -1  
  127 131   1        -1  
  131 138   1        -1  
  134 143   1        -1  
  140 150   1        -1  
  146 155   1        -1  
  158 180   1        -1  
  179 205   1        -1  
  209 230   1        -1  
  215 228   1        -1  
  224 233   1        0   
End
