NMec = 98495
T = 24
P = 2
Profits ignored
Solution time = 1.364e-03
Programing Tasks = 12
Terminal Cases = 171
Task date  Profit    P
  0   110   1        0   
  2   23    1        1   
  6   114   1        -1  
  18  34    1        -1  
  24  34    1        1   
  27  45    1        -1  
  39  44    1        1   
  42  44    1        -1  
  42  48    1        -1  
  45  111   1        1   
  48  114   1        -1  
  53  59    1        -1  
  53  69    1        -1  
  60  68    1        -1  
  60  74    1        -1  
  68  91    1        -1  
  69  77    1        -1  
  69  81    1        -1  
  71  83    1        -1  
  75  85    1        -1  
  75  91    1        -1  
  87  111   1        -1  
  99  114   1        -1  
  109 116   1        -1  
End
