NMec = 98495
T = 25
P = 3
Profits ignored
Solution time = 2.043e-03
Programing Tasks = 11
Terminal Cases = 367
Task date  Profit    P
  2   16    1        0   
  3   20    1        1   
  5   8     1        2   
  6   58    1        -1  
  6   59    1        -1  
  12  38    1        -1  
  17  83    1        -1  
  19  81    1        -1  
  20  28    1        0   
  23  41    1        -1  
  24  40    1        -1  
  25  43    1        -1  
  26  43    1        -1  
  32  39    1        0   
  33  67    1        -1  
  34  58    1        1   
  35  61    1        2   
  40  68    1        -1  
  41  59    1        0   
  43  65    1        -1  
  45  65    1        -1  
  49  65    1        -1  
  59  69    1        1   
  60  79    1        0   
  64  70    1        2   
End
