NMec = 98495
T = 26
P = 7
Profits ignored
Solution time = 1.134e-01
Programing Tasks = 15
Terminal Cases = 1306
Task date  Profit    P
  0   14    1        -1  
  2   11    1        0   
  2   16    1        1   
  4   28    1        -1  
  4   37    1        -1  
  6   23    1        -1  
  7   16    1        2   
  7   19    1        3   
  9   12    1        4   
  9   21    1        -1  
  10  18    1        5   
  10  34    1        -1  
  11  19    1        6   
  12  32    1        -1  
  12  36    1        -1  
  14  27    1        -1  
  14  30    1        -1  
  16  23    1        -1  
  16  25    1        0   
  17  30    1        1   
  18  27    1        2   
  20  31    1        3   
  20  32    1        4   
  20  33    1        5   
  20  33    1        6   
  26  36    1        0   
End
