NMec = 98495
T = 26
P = 3
Profits ignored
Solution time = 8.817e-02
Programing Tasks = 17
Terminal Cases = 480
Task date  Profit    P
  0   12    1        0   
  4   16    1        1   
  6   14    1        2   
  8   12    1        -1  
  10  17    1        -1  
  11  27    1        -1  
  14  35    1        0   
  18  33    1        1   
  19  25    1        2   
  20  30    1        -1  
  22  38    1        -1  
  22  39    1        -1  
  26  31    1        2   
  33  53    1        2   
  39  46    1        0   
  40  63    1        1   
  46  64    1        -1  
  52  60    1        0   
  55  65    1        2   
  56  74    1        -1  
  61  76    1        0   
  64  73    1        1   
  66  83    1        2   
  76  84    1        1   
  78  82    1        0   
  79  85    1        -1  
End
