NMec = 98495
T = 26
P = 8
Profits ignored
Solution time = 1.016e-01
Programing Tasks = 14
Terminal Cases = 11774
Task date  Profit    P
  0   19    1        -1  
  3   19    1        -1  
  4   12    1        0   
  4   20    1        -1  
  5   20    1        -1  
  6   11    1        1   
  6   17    1        2   
  6   18    1        3   
  6   18    1        4   
  7   25    1        -1  
  8   25    1        -1  
  8   31    1        -1  
  11  22    1        -1  
  11  29    1        -1  
  13  21    1        -1  
  13  28    1        -1  
  14  23    1        -1  
  16  23    1        0   
  17  26    1        1   
  18  20    1        2   
  18  30    1        5   
  18  30    1        6   
  18  31    1        7   
  19  27    1        3   
  19  28    1        4   
  26  32    1        0   
End
