NMec = 98495
T = 26
P = 5
Profits ignored
Solution time = 4.624e-02
Programing Tasks = 14
Terminal Cases = 2811
Task date  Profit    P
  0   4     1        0   
  0   42    1        -1  
  1   39    1        -1  
  3   13    1        1   
  5   50    1        -1  
  7   27    1        -1  
  10  21    1        -1  
  12  22    1        -1  
  13  31    1        -1  
  14  24    1        0   
  14  33    1        1   
  17  29    1        2   
  18  30    1        3   
  18  34    1        -1  
  21  37    1        4   
  25  51    1        -1  
  27  35    1        0   
  27  43    1        -1  
  29  48    1        -1  
  30  37    1        2   
  31  46    1        -1  
  32  48    1        3   
  34  41    1        1   
  37  48    1        0   
  39  44    1        2   
  40  49    1        4   
End
