NMec = 98495
T = 26
P = 4
Profits ignored
Solution time = 2.644e-02
Programing Tasks = 16
Terminal Cases = 93
Task date  Profit    P
  0   59    1        -1  
  0   63    1        -1  
  1   28    1        -1  
  1   63    1        -1  
  6   13    1        0   
  9   15    1        1   
  9   24    1        2   
  11  21    1        3   
  14  21    1        0   
  15  63    1        -1  
  16  41    1        -1  
  17  33    1        1   
  25  50    1        -1  
  29  33    1        0   
  30  41    1        -1  
  31  44    1        -1  
  32  43    1        -1  
  34  42    1        0   
  35  40    1        1   
  36  46    1        2   
  40  49    1        3   
  41  47    1        1   
  47  49    1        0   
  51  57    1        0   
  51  63    1        1   
  57  63    1        2   
End
