NMec = 98495
T = 26
P = 6
Profits ignored
Solution time = 5.683e-02
Programing Tasks = 14
Terminal Cases = 7652
Task date  Profit    P
  0   9     1        0   
  0   43    1        1   
  1   7     1        2   
  1   20    1        3   
  1   21    1        4   
  2   24    1        5   
  3   26    1        -1  
  10  22    1        0   
  10  40    1        2   
  11  15    1        -1  
  11  20    1        -1  
  12  39    1        -1  
  13  20    1        -1  
  13  21    1        -1  
  13  23    1        -1  
  14  20    1        -1  
  14  30    1        -1  
  15  31    1        -1  
  16  27    1        -1  
  16  36    1        -1  
  17  25    1        -1  
  24  38    1        0   
  26  36    1        3   
  29  37    1        4   
  31  36    1        5   
  32  35    1        -1  
End
