+------------------------------------------------------+
|                    Profit - 98491                    |
+-------------+-----------------------+----------------+
|   Tarefas   |     Programadores     |     Profit     |
+-------------+-----------------------+----------------+
+-------------+-----------------------+----------------+
|     01      |           01          |      1187      |
+-------------+-----------------------+----------------+
|     02      |           01          |      4588      |
+-------------+-----------------------+----------------+
|     02      |           02          |      2590      |
+-------------+-----------------------+----------------+
|     03      |           01          |      2634      |
+-------------+-----------------------+----------------+
|     03      |           02          |      4770      |
+-------------+-----------------------+----------------+
|     03      |           03          |      2481      |
+-------------+-----------------------+----------------+
|     04      |           01          |      3573      |
+-------------+-----------------------+----------------+
|     04      |           02          |      5899      |
+-------------+-----------------------+----------------+
|     04      |           03          |      5213      |
+-------------+-----------------------+----------------+
|     04      |           04          |      9826      |
+-------------+-----------------------+----------------+
|     05      |           01          |      5882      |
+-------------+-----------------------+----------------+
|     05      |           02          |      5972      |
+-------------+-----------------------+----------------+
|     05      |           03          |      6436      |
+-------------+-----------------------+----------------+
|     05      |           04          |      11044     |
+-------------+-----------------------+----------------+
|     05      |           05          |      12666     |
+-------------+-----------------------+----------------+
|     06      |           01          |      8521      |
+-------------+-----------------------+----------------+
|     06      |           02          |      8812      |
+-------------+-----------------------+----------------+
|     06      |           03          |      8409      |
+-------------+-----------------------+----------------+
|     06      |           04          |      10825     |
+-------------+-----------------------+----------------+
|     06      |           05          |      12858     |
+-------------+-----------------------+----------------+
|     06      |           06          |      11530     |
+-------------+-----------------------+----------------+
|     07      |           01          |      8940      |
+-------------+-----------------------+----------------+
|     07      |           02          |      6536      |
+-------------+-----------------------+----------------+
|     07      |           03          |      9292      |
+-------------+-----------------------+----------------+
|     07      |           04          |      13252     |
+-------------+-----------------------+----------------+
|     07      |           05          |      9478      |
+-------------+-----------------------+----------------+
|     07      |           06          |      17610     |
+-------------+-----------------------+----------------+
|     07      |           07          |      10234     |
+-------------+-----------------------+----------------+
|     08      |           01          |      10628     |
+-------------+-----------------------+----------------+
|     08      |           02          |      9445      |
+-------------+-----------------------+----------------+
|     08      |           03          |      12581     |
+-------------+-----------------------+----------------+
|     08      |           04          |      9560      |
+-------------+-----------------------+----------------+
|     08      |           05          |      17123     |
+-------------+-----------------------+----------------+
|     08      |           06          |      12938     |
+-------------+-----------------------+----------------+
|     08      |           07          |      15793     |
+-------------+-----------------------+----------------+
|     08      |           08          |      19547     |
+-------------+-----------------------+----------------+
|     09      |           01          |      15925     |
+-------------+-----------------------+----------------+
|     09      |           02          |      15518     |
+-------------+-----------------------+----------------+
|     09      |           03          |      11322     |
+-------------+-----------------------+----------------+
|     09      |           04          |      12068     |
+-------------+-----------------------+----------------+
|     09      |           05          |      9827      |
+-------------+-----------------------+----------------+
|     09      |           06          |      14444     |
+-------------+-----------------------+----------------+
|     09      |           07          |      13220     |
+-------------+-----------------------+----------------+
|     09      |           08          |      19563     |
+-------------+-----------------------+----------------+
|     10      |           01          |      12747     |
+-------------+-----------------------+----------------+
|     10      |           02          |      11522     |
+-------------+-----------------------+----------------+
|     10      |           03          |      12853     |
+-------------+-----------------------+----------------+
|     10      |           04          |      13607     |
+-------------+-----------------------+----------------+
|     10      |           05          |      16718     |
+-------------+-----------------------+----------------+
|     10      |           06          |      16342     |
+-------------+-----------------------+----------------+
|     10      |           07          |      18011     |
+-------------+-----------------------+----------------+
|     10      |           08          |      21522     |
+-------------+-----------------------+----------------+
|     11      |           01          |      12485     |
+-------------+-----------------------+----------------+
|     11      |           02          |      17315     |
+-------------+-----------------------+----------------+
|     11      |           03          |      11171     |
+-------------+-----------------------+----------------+
|     11      |           04          |      13859     |
+-------------+-----------------------+----------------+
|     11      |           05          |      16236     |
+-------------+-----------------------+----------------+
|     11      |           06          |      17791     |
+-------------+-----------------------+----------------+
|     11      |           07          |      20815     |
+-------------+-----------------------+----------------+
|     11      |           08          |      15318     |
+-------------+-----------------------+----------------+
|     12      |           01          |      15093     |
+-------------+-----------------------+----------------+
|     12      |           02          |      11329     |
+-------------+-----------------------+----------------+
|     12      |           03          |      13909     |
+-------------+-----------------------+----------------+
|     12      |           04          |      18459     |
+-------------+-----------------------+----------------+
|     12      |           05          |      14417     |
+-------------+-----------------------+----------------+
|     12      |           06          |      22989     |
+-------------+-----------------------+----------------+
|     12      |           07          |      29176     |
+-------------+-----------------------+----------------+
|     12      |           08          |      24893     |
+-------------+-----------------------+----------------+
|     13      |           01          |      13367     |
+-------------+-----------------------+----------------+
|     13      |           02          |      15288     |
+-------------+-----------------------+----------------+
|     13      |           03          |      15564     |
+-------------+-----------------------+----------------+
|     13      |           04          |      18395     |
+-------------+-----------------------+----------------+
|     13      |           05          |      22487     |
+-------------+-----------------------+----------------+
|     13      |           06          |      18041     |
+-------------+-----------------------+----------------+
|     13      |           07          |      25509     |
+-------------+-----------------------+----------------+
|     13      |           08          |      23398     |
+-------------+-----------------------+----------------+
|     14      |           01          |      18781     |
+-------------+-----------------------+----------------+
|     14      |           02          |      14524     |
+-------------+-----------------------+----------------+
|     14      |           03          |      22377     |
+-------------+-----------------------+----------------+
|     14      |           04          |      23066     |
+-------------+-----------------------+----------------+
|     14      |           05          |      20609     |
+-------------+-----------------------+----------------+
|     14      |           06          |      20127     |
+-------------+-----------------------+----------------+
|     14      |           07          |      28204     |
+-------------+-----------------------+----------------+
|     14      |           08          |      26320     |
+-------------+-----------------------+----------------+
|     15      |           01          |      26455     |
+-------------+-----------------------+----------------+
|     15      |           02          |      22702     |
+-------------+-----------------------+----------------+
|     15      |           03          |      20018     |
+-------------+-----------------------+----------------+
|     15      |           04          |      17515     |
+-------------+-----------------------+----------------+
|     15      |           05          |      16994     |
+-------------+-----------------------+----------------+
|     15      |           06          |      16966     |
+-------------+-----------------------+----------------+
|     15      |           07          |      24133     |
+-------------+-----------------------+----------------+
|     15      |           08          |      25472     |
+-------------+-----------------------+----------------+
|     16      |           01          |      18212     |
+-------------+-----------------------+----------------+
|     16      |           02          |      14142     |
+-------------+-----------------------+----------------+
|     16      |           03          |      19058     |
+-------------+-----------------------+----------------+
|     16      |           04          |      21740     |
+-------------+-----------------------+----------------+
|     16      |           05          |      24866     |
+-------------+-----------------------+----------------+
|     16      |           06          |      19885     |
+-------------+-----------------------+----------------+
|     16      |           07          |      28772     |
+-------------+-----------------------+----------------+
|     16      |           08          |      22754     |
+-------------+-----------------------+----------------+
|     17      |           01          |      19491     |
+-------------+-----------------------+----------------+
|     17      |           02          |      18466     |
+-------------+-----------------------+----------------+
|     17      |           03          |      24289     |
+-------------+-----------------------+----------------+
|     17      |           04          |      23844     |
+-------------+-----------------------+----------------+
|     17      |           05          |      18961     |
+-------------+-----------------------+----------------+
|     17      |           06          |      23446     |
+-------------+-----------------------+----------------+
|     17      |           07          |      21894     |
+-------------+-----------------------+----------------+
|     17      |           08          |      28264     |
+-------------+-----------------------+----------------+
|     18      |           01          |      14731     |
+-------------+-----------------------+----------------+
|     18      |           02          |      27925     |
+-------------+-----------------------+----------------+
|     18      |           03          |      25195     |
+-------------+-----------------------+----------------+
|     18      |           04          |      19269     |
+-------------+-----------------------+----------------+
|     18      |           05          |      25743     |
+-------------+-----------------------+----------------+
|     18      |           06          |      23345     |
+-------------+-----------------------+----------------+
|     18      |           07          |      27701     |
+-------------+-----------------------+----------------+
|     18      |           08          |      29267     |
+-------------+-----------------------+----------------+
|     19      |           01          |      18859     |
+-------------+-----------------------+----------------+
|     19      |           02          |      32362     |
+-------------+-----------------------+----------------+
|     19      |           03          |      28082     |
+-------------+-----------------------+----------------+
|     19      |           04          |      20366     |
+-------------+-----------------------+----------------+
|     19      |           05          |      21375     |
+-------------+-----------------------+----------------+
|     19      |           06          |      25679     |
+-------------+-----------------------+----------------+
|     19      |           07          |      28529     |
+-------------+-----------------------+----------------+
|     19      |           08          |      33796     |
+-------------+-----------------------+----------------+
|     20      |           01          |      26513     |
+-------------+-----------------------+----------------+
|     20      |           02          |      30329     |
+-------------+-----------------------+----------------+
|     20      |           03          |      27494     |
+-------------+-----------------------+----------------+
|     20      |           04          |      18933     |
+-------------+-----------------------+----------------+
|     20      |           05          |      22509     |
+-------------+-----------------------+----------------+
|     20      |           06          |      30337     |
+-------------+-----------------------+----------------+
|     20      |           07          |      29428     |
+-------------+-----------------------+----------------+
|     20      |           08          |      33614     |
+-------------+-----------------------+----------------+
|     21      |           01          |      32742     |
+-------------+-----------------------+----------------+
|     21      |           02          |      30555     |
+-------------+-----------------------+----------------+
|     21      |           03          |      26940     |
+-------------+-----------------------+----------------+
|     21      |           04          |      31783     |
+-------------+-----------------------+----------------+
|     21      |           05          |      28397     |
+-------------+-----------------------+----------------+
|     21      |           06          |      29876     |
+-------------+-----------------------+----------------+
|     21      |           07          |      28705     |
+-------------+-----------------------+----------------+
|     21      |           08          |      23118     |
+-------------+-----------------------+----------------+
|     22      |           01          |      16606     |
+-------------+-----------------------+----------------+
|     22      |           02          |      23299     |
+-------------+-----------------------+----------------+
|     22      |           03          |      31032     |
+-------------+-----------------------+----------------+
|     22      |           04          |      30458     |
+-------------+-----------------------+----------------+
|     22      |           05          |      21215     |
+-------------+-----------------------+----------------+
|     22      |           06          |      23977     |
+-------------+-----------------------+----------------+
|     22      |           07          |      30061     |
+-------------+-----------------------+----------------+
|     22      |           08          |      30468     |
+-------------+-----------------------+----------------+
|     23      |           01          |      32162     |
+-------------+-----------------------+----------------+
|     23      |           02          |      30316     |
+-------------+-----------------------+----------------+
|     23      |           03          |      32356     |
+-------------+-----------------------+----------------+
|     23      |           04          |      24243     |
+-------------+-----------------------+----------------+
|     23      |           05          |      32453     |
+-------------+-----------------------+----------------+
|     23      |           06          |      34921     |
+-------------+-----------------------+----------------+
|     23      |           07          |      28561     |
+-------------+-----------------------+----------------+
|     23      |           08          |      35505     |
+-------------+-----------------------+----------------+
|     24      |           01          |      31421     |
+-------------+-----------------------+----------------+
|     24      |           02          |      45616     |
+-------------+-----------------------+----------------+
|     24      |           03          |      26835     |
+-------------+-----------------------+----------------+
|     24      |           04          |      30068     |
+-------------+-----------------------+----------------+
|     24      |           05          |      32058     |
+-------------+-----------------------+----------------+
|     24      |           06          |      33207     |
+-------------+-----------------------+----------------+
|     24      |           07          |      33131     |
+-------------+-----------------------+----------------+
|     24      |           08          |      36890     |
+-------------+-----------------------+----------------+
|     25      |           01          |      38865     |
+-------------+-----------------------+----------------+
|     25      |           02          |      49407     |
+-------------+-----------------------+----------------+
|     25      |           03          |      37764     |
+-------------+-----------------------+----------------+
|     25      |           04          |      32999     |
+-------------+-----------------------+----------------+
|     25      |           05          |      30489     |
+-------------+-----------------------+----------------+
|     25      |           06          |      32647     |
+-------------+-----------------------+----------------+
|     25      |           07          |      27384     |
+-------------+-----------------------+----------------+
|     25      |           08          |      34968     |
+-------------+-----------------------+----------------+
|     26      |           01          |      30806     |
+-------------+-----------------------+----------------+
|     26      |           02          |      23813     |
+-------------+-----------------------+----------------+
|     26      |           03          |      33473     |
+-------------+-----------------------+----------------+
|     26      |           04          |      37677     |
+-------------+-----------------------+----------------+
|     26      |           05          |      36273     |
+-------------+-----------------------+----------------+
|     26      |           06          |      31114     |
+-------------+-----------------------+----------------+
|     26      |           07          |      37479     |
+-------------+-----------------------+----------------+
|     26      |           08          |      35640     |
+-------------+-----------------------+----------------+
|     27      |           01          |      27320     |
+-------------+-----------------------+----------------+
|     27      |           02          |      32288     |
+-------------+-----------------------+----------------+
|     27      |           03          |      40321     |
+-------------+-----------------------+----------------+
|     27      |           04          |      34737     |
+-------------+-----------------------+----------------+
|     27      |           05          |      40882     |
+-------------+-----------------------+----------------+
|     27      |           06          |      40567     |
+-------------+-----------------------+----------------+
|     27      |           07          |      43714     |
+-------------+-----------------------+----------------+
|     27      |           08          |      32414     |
+-------------+-----------------------+----------------+
|     28      |           01          |      28428     |
+-------------+-----------------------+----------------+
|     28      |           02          |      28873     |
+-------------+-----------------------+----------------+
|     28      |           03          |      43239     |
+-------------+-----------------------+----------------+
|     28      |           04          |      38643     |
+-------------+-----------------------+----------------+
|     28      |           05          |      45738     |
+-------------+-----------------------+----------------+
|     28      |           06          |      39521     |
+-------------+-----------------------+----------------+
|     28      |           07          |      36048     |
+-------------+-----------------------+----------------+
|     28      |           08          |      35486     |
+-------------+-----------------------+----------------+
|     29      |           01          |      55724     |
+-------------+-----------------------+----------------+
|     29      |           02          |      28621     |
+-------------+-----------------------+----------------+
|     29      |           03          |      42151     |
+-------------+-----------------------+----------------+
|     29      |           04          |      45381     |
+-------------+-----------------------+----------------+
|     29      |           05          |      43386     |
+-------------+-----------------------+----------------+
|     29      |           06          |      38932     |
+-------------+-----------------------+----------------+
|     29      |           07          |      43792     |
+-------------+-----------------------+----------------+
|     29      |           08          |      39871     |
+-------------+-----------------------+----------------+
|     30      |           01          |      54152     |
+-------------+-----------------------+----------------+
|     30      |           02          |      30465     |
+-------------+-----------------------+----------------+
|     30      |           03          |      37710     |
+-------------+-----------------------+----------------+
|     30      |           04          |      51800     |
+-------------+-----------------------+----------------+
|     30      |           05          |      36121     |
+-------------+-----------------------+----------------+
|     30      |           06          |      38204     |
+-------------+-----------------------+----------------+
|     30      |           07          |      35201     |
+-------------+-----------------------+----------------+
|     30      |           08          |      39357     |
+-------------+-----------------------+----------------+
|     31      |           01          |      31749     |
+-------------+-----------------------+----------------+
|     31      |           02          |      41733     |
+-------------+-----------------------+----------------+
|     31      |           03          |      43310     |
+-------------+-----------------------+----------------+
|     31      |           04          |      57130     |
+-------------+-----------------------+----------------+
|     31      |           05          |      38378     |
+-------------+-----------------------+----------------+
|     31      |           06          |      44830     |
+-------------+-----------------------+----------------+
|     31      |           07          |      42130     |
+-------------+-----------------------+----------------+
|     31      |           08          |      36203     |
+-------------+-----------------------+----------------+
|     32      |           01          |      29846     |
+-------------+-----------------------+----------------+
|     32      |           02          |      52931     |
+-------------+-----------------------+----------------+
|     32      |           03          |      38587     |
+-------------+-----------------------+----------------+
|     32      |           04          |      37470     |
+-------------+-----------------------+----------------+
|     32      |           05          |      36550     |
+-------------+-----------------------+----------------+
|     32      |           06          |      46202     |
+-------------+-----------------------+----------------+
|     32      |           07          |      47075     |
+-------------+-----------------------+----------------+
|     32      |           08          |      48205     |
+-------------+-----------------------+----------------+
|     33      |           01          |      37286     |
+-------------+-----------------------+----------------+
|     33      |           02          |      41095     |
+-------------+-----------------------+----------------+
|     33      |           03          |      45720     |
+-------------+-----------------------+----------------+
|     33      |           04          |      43288     |
+-------------+-----------------------+----------------+
|     33      |           05          |      49834     |
+-------------+-----------------------+----------------+
|     33      |           06          |      46603     |
+-------------+-----------------------+----------------+
|     33      |           07          |      42608     |
+-------------+-----------------------+----------------+
|     33      |           08          |      54357     |
+-------------+-----------------------+----------------+
|     34      |           01          |      62323     |
+-------------+-----------------------+----------------+
|     34      |           02          |      66129     |
+-------------+-----------------------+----------------+
|     34      |           03          |      57565     |
+-------------+-----------------------+----------------+
|     34      |           04          |      55211     |
+-------------+-----------------------+----------------+
|     34      |           05          |      55754     |
+-------------+-----------------------+----------------+
|     34      |           06          |      40496     |
+-------------+-----------------------+----------------+
|     34      |           07          |      50748     |
+-------------+-----------------------+----------------+
|     34      |           08          |      41762     |
+-------------+-----------------------+----------------+
|     35      |           01          |      41252     |
+-------------+-----------------------+----------------+
|     35      |           02          |      50306     |
+-------------+-----------------------+----------------+
|     35      |           03          |      44632     |
+-------------+-----------------------+----------------+
|     35      |           04          |      49640     |
+-------------+-----------------------+----------------+
|     35      |           05          |      60054     |
+-------------+-----------------------+----------------+
|     35      |           06          |      55189     |
+-------------+-----------------------+----------------+
|     35      |           07          |      47142     |
+-------------+-----------------------+----------------+
|     35      |           08          |      51218     |
+-------------+-----------------------+----------------+
|     36      |           01          |      74156     |
+-------------+-----------------------+----------------+
|     36      |           02          |      41990     |
+-------------+-----------------------+----------------+
|     36      |           03          |      63632     |
+-------------+-----------------------+----------------+
|     36      |           04          |      45538     |
+-------------+-----------------------+----------------+
|     36      |           05          |      52872     |
+-------------+-----------------------+----------------+
|     36      |           06          |      50390     |
+-------------+-----------------------+----------------+
|     36      |           07          |      57258     |
+-------------+-----------------------+----------------+
|     36      |           08          |      45587     |
+-------------+-----------------------+----------------+
|     37      |           01          |      62115     |
+-------------+-----------------------+----------------+
|     37      |           02          |      59520     |
+-------------+-----------------------+----------------+
|     37      |           03          |      58026     |
+-------------+-----------------------+----------------+
|     37      |           04          |      55940     |
+-------------+-----------------------+----------------+
|     37      |           05          |      47944     |
+-------------+-----------------------+----------------+
|     37      |           06          |      46296     |
+-------------+-----------------------+----------------+
|     37      |           07          |      48697     |
+-------------+-----------------------+----------------+
|     37      |           08          |      56682     |
+-------------+-----------------------+----------------+
|     38      |           01          |      59222     |
+-------------+-----------------------+----------------+
|     38      |           02          |      45246     |
+-------------+-----------------------+----------------+
|     38      |           03          |      58028     |
+-------------+-----------------------+----------------+
|     38      |           04          |      45679     |
+-------------+-----------------------+----------------+
|     38      |           05          |      60199     |
+-------------+-----------------------+----------------+
|     38      |           06          |      49031     |
+-------------+-----------------------+----------------+
|     38      |           07          |      58508     |
+-------------+-----------------------+----------------+
|     38      |           08          |      50965     |
+-------------+-----------------------+----------------+
|     39      |           01          |      70151     |
+-------------+-----------------------+----------------+
|     39      |           02          |      61940     |
+-------------+-----------------------+----------------+
|     39      |           03          |      51257     |
+-------------+-----------------------+----------------+
|     39      |           04          |      61057     |
+-------------+-----------------------+----------------+
|     39      |           05          |      67597     |
+-------------+-----------------------+----------------+
|     39      |           06          |      63030     |
+-------------+-----------------------+----------------+
|     39      |           07          |      50402     |
+-------------+-----------------------+----------------+
|     39      |           08          |      55131     |
+-------------+-----------------------+----------------+
|     40      |           01          |      93244     |
+-------------+-----------------------+----------------+
|     40      |           02          |      47793     |
+-------------+-----------------------+----------------+
|     40      |           03          |      53543     |
+-------------+-----------------------+----------------+
|     40      |           04          |      62504     |
+-------------+-----------------------+----------------+
|     40      |           05          |      59042     |
+-------------+-----------------------+----------------+
|     40      |           06          |      65899     |
+-------------+-----------------------+----------------+
|     40      |           07          |      49543     |
+-------------+-----------------------+----------------+
|     40      |           08          |      53696     |
+-------------+-----------------------+----------------+
