NMec = 98491
T = 22
P = 1
Profits ignored
Solution time = 2.093e-04
Programing Tasks = 9
Terminal Cases = 60
Task date  Profit    P
  17  27    1        -1  
  24  31    1        0   
  39  44    1        0   
  47  63    1        -1  
  54  64    1        -1  
  54  69    1        -1  
  59  73    1        -1  
  60  70    1        -1  
  61  77    1        0   
  81  87    1        0   
  108 112   1        0   
  112 130   1        -1  
  130 142   1        0   
  134 147   1        -1  
  139 158   1        -1  
  147 161   1        0   
  157 178   1        -1  
  168 181   1        -1  
  172 187   1        0   
  187 203   1        -1  
  196 207   1        -1  
  200 214   1        0   
End
