NMec = 98491
T = 23
P = 1
Profits ignored
Solution time = 1.983e-04
Programing Tasks = 10
Terminal Cases = 40
Task date  Profit    P
  2   9     1        0   
  5   23    1        -1  
  7   176   1        -1  
  11  22    1        0   
  12  27    1        -1  
  15  20    1        -1  
  15  28    1        -1  
  16  187   1        -1  
  24  28    1        0   
  29  97    1        0   
  65  77    1        -1  
  73  78    1        -1  
  77  97    1        -1  
  81  96    1        -1  
  86  92    1        -1  
  95  121   1        -1  
  98  105   1        0   
  110 127   1        0   
  122 128   1        -1  
  129 151   1        0   
  158 176   1        0   
  190 214   1        0   
  192 201   1        -1  
End
