NMec = 98491
T = 24
P = 1
Profits ignored
Solution time = 4.409e-04
Programing Tasks = 11
Terminal Cases = 96
Task date  Profit    P
  2   28    1        -1  
  16  39    1        0   
  17  109   1        -1  
  17  168   1        -1  
  44  58    1        -1  
  51  57    1        0   
  61  70    1        0   
  73  77    1        0   
  82  87    1        0   
  93  105   1        0   
  107 126   1        -1  
  120 135   1        -1  
  125 128   1        -1  
  126 130   1        0   
  131 148   1        -1  
  134 145   1        0   
  160 187   1        -1  
  168 184   1        -1  
  181 191   1        -1  
  182 190   1        0   
  187 212   1        -1  
  193 201   1        0   
  199 209   1        -1  
  203 215   1        0   
End
