NMec = 98491
T = 25
P = 3
Profits ignored
Solution time = 1.284e-02
Programing Tasks = 13
Terminal Cases = 1490
Task date  Profit    P
  1   16    1        -1  
  4   23    1        -1  
  6   14    1        0   
  7   11    1        1   
  8   23    1        2   
  11  37    1        -1  
  16  27    1        0   
  18  32    1        -1  
  19  39    1        -1  
  19  45    1        -1  
  23  35    1        -1  
  23  38    1        -1  
  25  32    1        1   
  31  48    1        0   
  32  53    1        2   
  35  50    1        1   
  36  79    1        -1  
  43  76    1        -1  
  51  62    1        0   
  59  67    1        1   
  65  79    1        -1  
  66  82    1        -1  
  67  76    1        0   
  69  79    1        1   
  71  81    1        2   
End
