NMec = 98491
T = 25
P = 2
Profits ignored
Solution time = 1.880e-03
Programing Tasks = 13
Terminal Cases = 96
Task date  Profit    P
  0   120   1        -1  
  4   16    1        0   
  6   95    1        -1  
  28  39    1        0   
  41  61    1        -1  
  47  60    1        -1  
  49  54    1        0   
  54  61    1        1   
  56  66    1        -1  
  58  74    1        0   
  63  70    1        1   
  65  117   1        -1  
  72  84    1        1   
  72  92    1        -1  
  85  99    1        -1  
  86  112   1        -1  
  88  100   1        -1  
  91  93    1        0   
  92  93    1        1   
  92  115   1        -1  
  96  105   1        -1  
  99  102   1        0   
  101 103   1        1   
  106 121   1        0   
  107 110   1        1   
End
