NMec = 98491
T = 25
P = 4
Profits ignored
Solution time = 3.019e-02
Programing Tasks = 16
Terminal Cases = 30
Task date  Profit    P
  0   5     1        0   
  1   14    1        1   
  4   16    1        2   
  9   52    1        0   
  11  20    1        3   
  12  24    1        -1  
  14  55    1        -1  
  19  34    1        1   
  20  25    1        2   
  20  39    1        -1  
  20  43    1        -1  
  21  32    1        3   
  23  32    1        -1  
  25  34    1        -1  
  25  44    1        -1  
  29  40    1        2   
  30  42    1        -1  
  30  44    1        -1  
  36  53    1        1   
  36  59    1        3   
  40  43    1        -1  
  40  51    1        -1  
  44  58    1        2   
  47  54    1        -1  
  52  60    1        -1  
End
