NMec = 98491
T = 25
P = 1
Profits ignored
Solution time = 8.151e-04
Programing Tasks = 11
Terminal Cases = 36
Task date  Profit    P
  12  27    1        0   
  30  53    1        -1  
  39  46    1        0   
  39  48    1        -1  
  40  53    1        -1  
  47  66    1        0   
  82  88    1        0   
  89  234   1        -1  
  99  105   1        -1  
  100 103   1        0   
  103 113   1        -1  
  107 127   1        -1  
  109 119   1        -1  
  113 123   1        0   
  142 155   1        0   
  144 171   1        -1  
  156 171   1        0   
  170 189   1        -1  
  172 197   1        -1  
  174 192   1        0   
  202 224   1        -1  
  203 221   1        -1  
  209 235   1        -1  
  215 224   1        0   
  235 241   1        0   
End
