NMec = 98491
T = 26
P = 1
Profits ignored
Solution time = 1.243e-03
Programing Tasks = 12
Terminal Cases = 96
Task date  Profit    P
  1   2     1        -1  
  2   22    1        0   
  24  35    1        0   
  24  42    1        -1  
  35  40    1        -1  
  38  47    1        0   
  52  66    1        -1  
  54  60    1        0   
  55  216   1        -1  
  61  74    1        -1  
  66  73    1        0   
  77  91    1        0   
  83  199   1        -1  
  122 127   1        0   
  123 129   1        -1  
  129 131   1        0   
  150 157   1        -1  
  155 164   1        -1  
  155 170   1        0   
  165 180   1        -1  
  178 183   1        0   
  183 189   1        -1  
  185 193   1        -1  
  187 193   1        0   
  221 237   1        -1  
  227 244   1        0   
End
