NMec = 98491
T = 26
P = 2
Profits ignored
Solution time = 5.277e-03
Programing Tasks = 12
Terminal Cases = 762
Task date  Profit    P
  16  19    1        0   
  16  98    1        1   
  19  36    1        -1  
  20  25    1        0   
  22  40    1        -1  
  30  43    1        0   
  36  43    1        -1  
  36  51    1        -1  
  37  45    1        -1  
  38  41    1        -1  
  46  58    1        0   
  47  65    1        -1  
  49  63    1        -1  
  50  65    1        -1  
  51  65    1        -1  
  55  65    1        -1  
  56  69    1        -1  
  77  88    1        0   
  80  99    1        -1  
  84  96    1        -1  
  85  90    1        -1  
  85  93    1        -1  
  90  99    1        0   
  93  112   1        -1  
  105 126   1        0   
  112 127   1        1   
End
