NMec = 98491
T = 26
P = 5
Profits ignored
Solution time = 5.381e-02
Programing Tasks = 15
Terminal Cases = 1655
Task date  Profit    P
  0   17    1        -1  
  1   15    1        -1  
  2   19    1        -1  
  2   47    1        -1  
  2   51    1        -1  
  3   19    1        -1  
  6   10    1        0   
  7   17    1        1   
  8   21    1        2   
  11  24    1        0   
  12  21    1        3   
  13  26    1        4   
  13  35    1        -1  
  15  36    1        -1  
  16  29    1        -1  
  18  31    1        -1  
  19  41    1        -1  
  19  50    1        1   
  23  33    1        2   
  26  28    1        0   
  26  51    1        3   
  27  31    1        4   
  32  44    1        0   
  33  50    1        4   
  37  47    1        2   
  45  50    1        0   
End
