NMec = 98491
T = 26
P = 3
Profits ignored
Solution time = 3.965e-02
Programing Tasks = 17
Terminal Cases = 24
Task date  Profit    P
  5   10    1        0   
  5   26    1        1   
  6   9     1        2   
  9   18    1        -1  
  16  20    1        0   
  16  30    1        2   
  18  86    1        -1  
  19  21    1        -1  
  19  27    1        -1  
  20  40    1        -1  
  31  44    1        0   
  32  53    1        1   
  36  43    1        2   
  36  57    1        -1  
  38  40    1        -1  
  40  54    1        -1  
  40  58    1        -1  
  42  52    1        -1  
  44  47    1        2   
  45  57    1        0   
  52  60    1        2   
  54  81    1        1   
  57  62    1        -1  
  63  67    1        0   
  65  80    1        2   
  69  79    1        0   
End
