NMec = 98491
T = 26
P = 4
Profits ignored
Solution time = 4.748e-02
Programing Tasks = 15
Terminal Cases = 1476
Task date  Profit    P
  0   10    1        0   
  0   21    1        1   
  5   19    1        2   
  9   20    1        3   
  10  24    1        -1  
  10  27    1        -1  
  11  26    1        0   
  15  59    1        -1  
  16  25    1        -1  
  17  25    1        -1  
  17  34    1        -1  
  20  34    1        2   
  21  27    1        3   
  21  32    1        -1  
  21  34    1        -1  
  25  46    1        1   
  28  44    1        0   
  30  53    1        3   
  33  44    1        -1  
  33  51    1        -1  
  36  45    1        2   
  38  47    1        -1  
  49  53    1        0   
  49  64    1        1   
  51  58    1        2   
  63  64    1        0   
End
