01 01 4.792e-06
02 01 6.761e-06
02 02 5.389e-06
03 01 2.382e-06
03 02 2.593e-06
03 03 1.779e-06
04 01 2.680e-06
04 02 7.464e-06
04 03 3.066e-06
04 04 3.400e-06
05 01 3.860e-06
05 02 3.888e-06
05 03 3.477e-06
05 04 2.554e-06
05 05 5.622e-06
06 01 3.016e-06
06 02 2.778e-06
06 03 3.575e-06
06 04 4.055e-06
06 05 6.195e-06
06 06 4.297e-06
07 01 4.420e-06
07 02 5.657e-06
07 03 5.296e-06
07 04 7.827e-06
07 05 7.657e-06
07 06 6.113e-06
07 07 5.482e-06
08 01 2.896e-06
08 02 6.046e-06
08 03 6.993e-06
08 04 9.649e-06
08 05 1.042e-05
08 06 9.810e-06
08 07 1.121e-05
08 08 1.082e-05
09 01 3.877e-06
09 02 6.468e-06
09 03 8.568e-06
09 04 1.676e-05
09 05 1.176e-05
09 06 2.779e-05
09 07 2.098e-05
09 08 2.088e-05
10 01 5.140e-06
10 02 8.273e-06
10 03 1.130e-05
10 04 1.438e-05
10 05 2.703e-05
10 06 3.294e-05
10 07 3.143e-05
10 08 2.330e-05
11 01 9.526e-06
11 02 1.988e-05
11 03 2.223e-05
11 04 3.367e-05
11 05 3.288e-05
11 06 5.112e-05
11 07 4.054e-05
11 08 5.829e-05
12 01 5.556e-06
12 02 1.209e-05
12 03 2.813e-05
12 04 5.466e-05
12 05 6.719e-05
12 06 5.959e-05
12 07 8.121e-05
12 08 6.913e-05
13 01 1.449e-05
13 02 2.876e-05
13 03 3.708e-05
13 04 7.928e-05
13 05 1.069e-04
13 06 1.437e-04
13 07 1.519e-04
13 08 2.134e-04
14 01 2.249e-05
14 02 2.761e-05
14 03 1.548e-04
14 04 1.035e-04
14 05 1.754e-04
14 06 2.627e-04
14 07 2.995e-04
14 08 3.835e-04
15 01 3.837e-05
15 02 4.700e-05
15 03 1.444e-04
15 04 2.834e-04
15 05 4.178e-04
15 06 4.102e-04
15 07 6.406e-04
15 08 6.775e-04
16 01 5.002e-05
16 02 1.317e-04
16 03 2.361e-04
16 04 4.169e-04
16 05 6.570e-04
16 06 1.027e-03
16 07 7.610e-04
16 08 1.486e-03
17 01 4.293e-05
17 02 3.154e-04
17 03 1.393e-04
17 04 1.226e-03
17 05 1.226e-03
17 06 9.233e-04
17 07 1.154e-03
17 08 1.726e-03
18 01 6.074e-05
18 02 1.488e-04
18 03 5.142e-04
18 04 2.086e-03
18 05 2.444e-03
18 06 1.454e-03
18 07 2.990e-03
18 08 3.528e-03
19 01 1.920e-04
19 02 3.020e-04
19 03 2.406e-03
19 04 3.419e-03
19 05 5.122e-03
19 06 5.795e-03
19 07 5.622e-03
19 08 6.566e-03
20 01 1.692e-04
20 02 4.802e-04
20 03 1.464e-03
20 04 2.795e-03
20 05 4.317e-03
20 06 5.664e-03
20 07 8.630e-03
20 08 9.853e-03
21 01 3.968e-04
21 02 1.057e-03
21 03 1.289e-03
21 04 5.459e-03
21 05 6.947e-03
21 06 1.191e-02
21 07 1.188e-02
21 08 2.383e-02
22 01 6.805e-04
22 02 2.299e-03
22 03 9.825e-03
22 04 1.138e-02
22 05 1.519e-02
22 06 1.241e-02
22 07 1.012e-02
22 08 4.040e-02
23 01 7.042e-04
23 02 1.577e-03
23 03 5.998e-03
23 04 9.647e-03
23 05 1.254e-02
23 06 5.876e-02
23 07 2.466e-02
23 08 3.261e-02
24 01 4.678e-04
24 02 3.616e-03
24 03 7.921e-03
24 04 3.021e-02
24 05 2.345e-02
24 06 3.547e-02
24 07 8.506e-02
24 08 7.251e-02
25 01 1.896e-03
25 02 1.301e-03
25 03 9.253e-03
25 04 4.890e-02
25 05 7.712e-02
25 06 9.555e-02
25 07 1.214e-01
25 08 6.774e-02
26 01 1.795e-03
26 02 5.825e-03
26 03 5.754e-02
26 04 3.116e-02
26 05 9.628e-02
26 06 6.974e-02
26 07 1.774e-01
26 08 1.174e-01
27 01 1.016e-03
27 02 3.472e-02
27 03 4.629e-02
27 04 4.985e-02
27 05 3.018e-01
27 06 1.568e-01
27 07 2.462e-01
27 08 2.736e-01
28 01 3.533e-03
28 02 4.924e-03
28 03 2.605e-01
28 04 5.767e-01
28 05 1.482e-01
28 06 5.329e-01
28 07 3.849e-01
28 08 8.533e-01
29 01 4.449e-03
29 02 3.008e-02
29 03 3.275e-01
29 04 2.590e-01
29 05 4.140e-01
29 06 1.003e+00
29 07 2.098e+00
29 08 1.612e+00
30 01 3.218e-03
30 02 4.024e-02
30 03 6.648e-02
30 04 1.444e+00
30 05 8.476e-01
30 06 1.950e+00
30 07 5.629e+00
30 08 1.602e+00
31 01 4.561e-02
31 02 2.923e-02
31 03 1.783e-01
31 04 1.257e+00
31 05 1.036e+00
31 06 5.149e+00
31 07 3.942e+00
31 08 4.614e+00
32 01 4.879e-03
32 02 4.868e-01
32 03 1.886e+00
32 04 3.421e+00
32 05 1.507e+00
32 06 4.559e+00
32 07 7.181e+00
32 08 2.472e+01
33 01 2.449e-02
33 02 2.042e-01
33 03 1.246e+00
33 04 4.487e+00
33 05 1.125e+01
33 06 9.945e+00
33 07 1.433e+01
33 08 1.758e+01
34 01 3.215e-02
34 02 6.284e-01
34 03 6.248e+00
34 04 6.736e+00
34 05 7.633e+00
34 06 3.711e+01
34 07 4.631e+01
34 08 8.086e+01
35 01 3.345e-02
35 02 5.030e-01
35 03 1.407e+01
35 04 1.401e+00
35 05 5.483e+00
35 06 2.880e+01
35 07 6.790e+01
35 08 5.805e+01
36 01 9.719e-02
36 02 5.641e+00
36 03 1.275e+00
36 04 6.871e+01
36 05 1.117e+02
36 06 2.588e+01
36 07 9.151e+01
36 08 9.249e+01
37 01 6.914e-02
37 02 4.137e+00
37 03 1.521e+01
37 04 4.313e+01
37 05 7.932e+01
37 06 1.207e+02
37 07 1.023e+02
37 08 7.079e+02
38 01 5.223e-01
38 02 2.048e+01
38 03 3.707e+01
38 04 2.020e+01
38 05 1.698e+02
38 06 5.484e+01
38 07 4.045e+02
38 08 3.233e+02
39 01 2.297e-01
39 02 6.841e+00
39 03 3.837e+01
39 04 1.496e+02
39 05 1.240e+02
39 06 2.987e+02
39 07 4.388e+02
39 08 6.099e+02
40 01 8.250e-01
40 02 1.945e+01
40 03 3.376e+01
40 04 9.932e+01
40 05 4.598e+02
40 06 2.667e+02
40 07 8.385e+02
