01 01 1608
02 01 2061
02 02 4819
03 01 3153
03 02 6209
03 03 10066
04 01 2859
04 02 5123
04 03 8515
04 04 8247
05 01 5149
05 02 6505
05 03 9452
05 04 6286
05 05 7294
06 01 4024
06 02 9353
06 03 11309
06 04 7723
06 05 14238
06 06 12984
07 01 5011
07 02 8621
07 03 11110
07 04 17274
07 05 5767
07 06 11016
07 07 16473
08 01 13001
08 02 15788
08 03 13478
08 04 8229
08 05 12729
08 06 16068
08 07 15394
08 08 20100
09 01 5666
09 02 10482
09 03 9926
09 04 14030
09 05 14020
09 06 14119
09 07 14587
09 08 17456
10 01 11829
10 02 13125
10 03 12919
10 04 10248
10 05 18479
10 06 15725
10 07 21091
10 08 20984
11 01 14059
11 02 16472
11 03 15302
11 04 13745
11 05 13587
11 06 22127
11 07 16905
11 08 19694
12 01 9825
12 02 19993
12 03 11797
12 04 19412
12 05 20277
12 06 24534
12 07 19060
12 08 24080
13 01 15431
13 02 18638
13 03 12285
13 04 13485
13 05 17552
13 06 21586
13 07 24236
13 08 20245
14 01 15642
14 02 15287
14 03 18376
14 04 22899
14 05 15728
14 06 25851
14 07 25659
14 08 27257
15 01 14392
15 02 24459
15 03 24651
15 04 15462
15 05 16488
15 06 20430
15 07 23972
15 08 18905
16 01 11339
16 02 19919
16 03 25545
16 04 21380
16 05 19231
16 06 25051
16 07 27520
16 08 30126
17 01 14303
17 02 21267
17 03 23095
17 04 21792
17 05 23140
17 06 27072
17 07 28444
17 08 31051
18 01 19119
18 02 21162
18 03 22416
18 04 23322
18 05 21246
18 06 22545
18 07 27881
18 08 19746
19 01 17834
19 02 23099
19 03 23195
19 04 28041
19 05 24031
19 06 23675
19 07 30569
19 08 31394
20 01 29784
20 02 28270
20 03 27364
20 04 36148
20 05 22507
20 06 29448
20 07 24762
20 08 23905
21 01 37619
21 02 36097
21 03 34196
21 04 33744
21 05 23954
21 06 26696
21 07 21536
21 08 27192
22 01 29281
22 02 23247
22 03 23927
22 04 31054
22 05 30428
22 06 32877
22 07 28617
22 08 28324
23 01 37128
23 02 35181
23 03 37157
23 04 29039
23 05 37447
23 06 31786
23 07 37496
23 08 37089
24 01 22265
24 02 24489
24 03 30717
24 04 31714
24 05 35263
24 06 32051
24 07 32481
24 08 26951
25 01 31403
25 02 33606
25 03 39540
25 04 31119
25 05 32655
25 06 34897
25 07 27026
25 08 36412
26 01 32175
26 02 36221
26 03 31039
26 04 35486
26 05 28409
26 06 38442
26 07 33093
26 08 31632
27 01 28501
27 02 36234
27 03 44520
27 04 39362
27 05 33086
27 06 41954
27 07 40578
27 08 44718
28 01 26204
28 02 45531
28 03 43546
28 04 39724
28 05 38550
28 06 36155
28 07 28338
28 08 41967
29 01 30609
29 02 31614
29 03 45797
29 04 39787
29 05 41899
29 06 40746
29 07 37689
29 08 39777
30 01 55704
30 02 37877
30 03 47368
30 04 43534
30 05 41218
30 06 50154
30 07 37976
30 08 44432
31 01 28320
31 02 53476
31 03 39007
31 04 43317
31 05 49080
31 06 43456
31 07 35944
31 08 43279
32 01 75856
32 02 39356
32 03 42569
32 04 39377
32 05 36420
32 06 47715
32 07 44644
32 08 47780
33 01 54970
33 02 66141
33 03 56312
33 04 48388
33 05 50982
33 06 54283
33 07 53475
33 08 47531
34 01 69382
34 02 51282
34 03 50425
34 04 47371
34 05 49982
34 06 46754
34 07 45282
34 08 49101
35 01 51510
35 02 54726
35 03 52327
35 04 44205
35 05 54991
35 06 58116
35 07 41848
35 08 48804
36 01 59163
36 02 44884
36 03 53976
36 04 51893
36 05 48923
36 06 44371
36 07 53945
36 08 57382
37 01 56315
37 02 59797
37 03 56107
37 04 49454
37 05 50770
37 06 49936
37 07 60427
37 08 54508
38 01 49629
38 02 42276
38 03 51512
38 04 59975
38 05 64015
38 06 61919
38 07 50543
38 08 60487
39 01 59025
39 02 50779
39 03 57892
39 04 45321
39 05 67215
39 06 57709
39 07 51108
39 08 64926
40 01 49456
40 02 45240
40 03 72780
40 04 61606
40 05 63014
40 06 55454
40 07 58544
