01 01 1
02 01 2
02 02 2
03 01 1
03 02 3
03 03 3
04 01 3
04 02 2
04 03 4
04 04 4
05 01 1
05 02 4
05 03 3
05 04 5
05 05 5
06 01 2
06 02 4
06 03 4
06 04 6
06 05 6
06 06 6
07 01 4
07 02 3
07 03 5
07 04 5
07 05 7
07 06 7
07 07 7
08 01 4
08 02 6
08 03 5
08 04 5
08 05 7
08 06 8
08 07 7
08 08 8
09 01 4
09 02 4
09 03 5
09 04 7
09 05 8
09 06 9
09 07 8
09 08 8
10 01 4
10 02 5
10 03 5
10 04 6
10 05 6
10 06 7
10 07 9
10 08 10
11 01 3
11 02 5
11 03 4
11 04 5
11 05 5
11 06 8
11 07 10
11 08 11
12 01 5
12 02 7
12 03 5
12 04 6
12 05 9
12 06 10
12 07 10
12 08 11
13 01 6
13 02 9
13 03 9
13 04 8
13 05 11
13 06 9
13 07 12
13 08 9
14 01 4
14 02 7
14 03 7
14 04 10
14 05 8
14 06 9
14 07 12
14 08 11
15 01 7
15 02 8
15 03 10
15 04 9
15 05 7
15 06 9
15 07 9
15 08 10
16 01 8
16 02 8
16 03 8
16 04 10
16 05 7
16 06 11
16 07 13
16 08 10
17 01 8
17 02 8
17 03 11
17 04 9
17 05 11
17 06 11
17 07 11
17 08 14
18 01 9
18 02 9
18 03 8
18 04 12
18 05 11
18 06 8
18 07 11
18 08 14
19 01 9
19 02 9
19 03 10
19 04 9
19 05 11
19 06 12
19 07 10
19 08 14
20 01 11
20 02 10
20 03 10
20 04 12
20 05 13
20 06 13
20 07 10
20 08 16
21 01 10
21 02 11
21 03 13
21 04 13
21 05 13
21 06 12
21 07 12
21 08 14
22 01 9
22 02 10
22 03 13
22 04 12
22 05 12
22 06 13
22 07 13
22 08 13
23 01 10
23 02 13
23 03 14
23 04 13
23 05 15
23 06 15
23 07 15
23 08 15
24 01 11
24 02 11
24 03 14
24 04 15
24 05 14
24 06 15
24 07 16
24 08 15
25 01 11
25 02 13
25 03 13
25 04 16
25 05 15
25 06 17
25 07 15
25 08 17
26 01 12
26 02 12
26 03 17
26 04 15
26 05 15
26 06 16
26 07 14
26 08 16
27 01 13
27 02 17
27 03 14
27 04 12
27 05 18
27 06 18
27 07 15
27 08 20
28 01 14
28 02 15
28 03 16
28 04 17
28 05 17
28 06 18
28 07 19
28 08 15
29 01 12
29 02 12
29 03 14
29 04 18
29 05 18
29 06 21
29 07 20
29 08 23
30 01 14
30 02 14
30 03 18
30 04 19
30 05 17
30 06 17
30 07 20
30 08 17
31 01 12
31 02 14
31 03 19
31 04 18
31 05 19
31 06 19
31 07 16
31 08 17
32 01 15
32 02 16
32 03 18
32 04 16
32 05 20
32 06 20
32 07 17
32 08 21
33 01 13
33 02 19
33 03 17
33 04 21
33 05 22
33 06 19
33 07 24
33 08 22
34 01 12
34 02 19
34 03 21
34 04 23
34 05 22
34 06 23
34 07 22
34 08 23
35 01 15
35 02 17
35 03 18
35 04 19
35 05 21
35 06 23
35 07 21
35 08 22
36 01 16
36 02 19
36 03 20
36 04 21
36 05 22
36 06 25
36 07 21
36 08 22
37 01 17
37 02 18
37 03 22
37 04 22
37 05 23
37 06 21
37 07 21
37 08 22
38 01 18
38 02 22
38 03 24
38 04 21
38 05 24
38 06 21
38 07 24
38 08 22
39 01 14
39 02 21
39 03 23
39 04 20
39 05 22
39 06 21
39 07 20
39 08 25
40 01 18
40 02 22
40 03 23
40 04 24
40 05 23
40 06 24
40 07 24
40 08 25
