01 01 1
02 01 1
02 02 2
03 01 2
03 02 3
03 03 3
04 01 1
04 02 2
04 03 3
04 04 4
05 01 2
05 02 3
05 03 4
05 04 5
05 05 5
06 01 2
06 02 3
06 03 3
06 04 5
06 05 6
06 06 6
07 01 3
07 02 4
07 03 3
07 04 5
07 05 7
07 06 7
07 07 7
08 01 4
08 02 5
08 03 5
08 04 6
08 05 7
08 06 8
08 07 8
08 08 8
09 01 4
09 02 5
09 03 6
09 04 4
09 05 6
09 06 8
09 07 9
09 08 9
10 01 5
10 02 7
10 03 6
10 04 6
10 05 9
10 06 9
10 07 8
10 08 10
11 01 6
11 02 6
11 03 6
11 04 8
11 05 7
11 06 11
11 07 10
11 08 9
12 01 6
12 02 6
12 03 6
12 04 7
12 05 8
12 06 8
12 07 11
12 08 12
13 01 5
13 02 6
13 03 7
13 04 7
13 05 9
13 06 9
13 07 10
13 08 10
14 01 6
14 02 6
14 03 7
14 04 7
14 05 6
14 06 10
14 07 11
14 08 11
15 01 4
15 02 10
15 03 10
15 04 10
15 05 10
15 06 9
15 07 12
15 08 12
16 01 8
16 02 7
16 03 10
16 04 9
16 05 9
16 06 11
16 07 8
16 08 11
17 01 8
17 02 9
17 03 9
17 04 12
17 05 10
17 06 10
17 07 12
17 08 9
18 01 8
18 02 8
18 03 9
18 04 11
18 05 9
18 06 11
18 07 12
18 08 10
19 01 8
19 02 9
19 03 8
19 04 11
19 05 8
19 06 10
19 07 13
19 08 12
20 01 9
20 02 12
20 03 13
20 04 11
20 05 13
20 06 13
20 07 13
20 08 11
21 01 9
21 02 10
21 03 11
21 04 13
21 05 14
21 06 12
21 07 12
21 08 16
22 01 10
22 02 11
22 03 14
22 04 11
22 05 15
22 06 13
22 07 10
22 08 13
23 01 10
23 02 12
23 03 15
23 04 14
23 05 13
23 06 14
23 07 14
23 08 15
24 01 9
24 02 12
24 03 15
24 04 16
24 05 13
24 06 15
24 07 15
24 08 12
25 01 12
25 02 13
25 03 13
25 04 14
25 05 13
25 06 16
25 07 15
25 08 16
26 01 13
26 02 14
26 03 16
26 04 16
26 05 15
26 06 16
26 07 16
26 08 15
27 01 12
27 02 16
27 03 16
27 04 17
27 05 18
27 06 17
27 07 16
27 08 17
28 01 11
28 02 14
28 03 16
28 04 18
28 05 14
28 06 18
28 07 19
28 08 18
29 01 14
29 02 18
29 03 15
29 04 18
29 05 16
29 06 15
29 07 15
29 08 21
30 01 14
30 02 14
30 03 17
30 04 18
30 05 21
30 06 16
30 07 15
30 08 21
31 01 14
31 02 17
31 03 20
31 04 20
31 05 20
31 06 17
31 07 19
31 08 21
32 01 13
32 02 16
32 03 17
32 04 22
32 05 24
32 06 18
32 07 20
32 08 17
33 01 13
33 02 17
33 03 16
33 04 16
33 05 21
33 06 22
33 07 20
33 08 22
34 01 14
34 02 16
34 03 20
34 04 23
34 05 21
34 06 21
34 07 21
34 08 21
35 01 19
35 02 14
35 03 20
35 04 20
35 05 20
35 06 17
35 07 19
35 08 22
36 01 16
36 02 18
36 03 22
36 04 22
36 05 21
36 06 22
36 07 23
36 08 23
37 01 15
37 02 21
37 03 21
37 04 20
37 05 21
37 06 21
37 07 23
37 08 22
38 01 17
38 02 23
38 03 22
38 04 21
38 05 18
38 06 25
38 07 25
38 08 23
39 01 17
39 02 24
39 03 23
39 04 25
39 05 24
39 06 25
39 07 25
39 08 26
40 01 16
40 02 22
40 03 25
40 04 22
40 05 25
40 06 23
40 07 24
40 08 27
