01 01 1
02 01 1
02 02 2
03 01 1
03 02 3
03 03 3
04 01 1
04 02 3
04 03 3
04 04 4
05 01 2
05 02 2
05 03 4
05 04 4
05 05 5
06 01 4
06 02 3
06 03 4
06 04 6
06 05 6
06 06 6
07 01 3
07 02 2
07 03 6
07 04 4
07 05 7
07 06 6
07 07 7
08 01 5
08 02 4
08 03 4
08 04 7
08 05 8
08 06 7
08 07 7
08 08 8
09 01 4
09 02 4
09 03 5
09 04 6
09 05 8
09 06 9
09 07 9
09 08 9
10 01 4
10 02 7
10 03 7
10 04 7
10 05 7
10 06 10
10 07 10
10 08 10
11 01 6
11 02 5
11 03 6
11 04 5
11 05 9
11 06 8
11 07 9
11 08 9
12 01 4
12 02 7
12 03 8
12 04 6
12 05 7
12 06 6
12 07 11
12 08 11
13 01 5
13 02 7
13 03 6
13 04 7
13 05 7
13 06 9
13 07 11
13 08 11
14 01 5
14 02 7
14 03 7
14 04 7
14 05 9
14 06 8
14 07 10
14 08 12
15 01 9
15 02 8
15 03 8
15 04 10
15 05 8
15 06 9
15 07 9
15 08 13
16 01 7
16 02 6
16 03 10
16 04 8
16 05 8
16 06 12
16 07 10
16 08 12
17 01 7
17 02 10
17 03 12
17 04 11
17 05 9
17 06 12
17 07 10
17 08 11
18 01 8
18 02 8
18 03 13
18 04 9
18 05 11
18 06 12
18 07 14
18 08 11
19 01 9
19 02 10
19 03 12
19 04 11
19 05 11
19 06 14
19 07 12
19 08 14
20 01 8
20 02 9
20 03 12
20 04 12
20 05 11
20 06 13
20 07 13
20 08 15
21 01 8
21 02 9
21 03 11
21 04 11
21 05 11
21 06 14
21 07 9
21 08 15
22 01 10
22 02 13
22 03 11
22 04 12
22 05 14
22 06 13
22 07 12
22 08 16
23 01 10
23 02 12
23 03 13
23 04 13
23 05 13
23 06 12
23 07 12
23 08 14
24 01 11
24 02 12
24 03 11
24 04 13
24 05 15
24 06 15
24 07 14
24 08 14
25 01 9
25 02 15
25 03 11
25 04 14
25 05 18
25 06 15
25 07 14
25 08 19
26 01 13
26 02 18
26 03 17
26 04 16
26 05 14
26 06 14
26 07 15
26 08 14
27 01 14
27 02 13
27 03 16
27 04 16
27 05 17
27 06 17
27 07 15
27 08 15
28 01 13
28 02 16
28 03 14
28 04 18
28 05 22
28 06 17
28 07 19
28 08 17
29 01 14
29 02 19
29 03 16
29 04 19
29 05 16
29 06 16
29 07 18
29 08 20
30 01 13
30 02 17
30 03 15
30 04 15
30 05 18
30 06 19
30 07 20
30 08 19
31 01 14
31 02 16
31 03 17
31 04 20
31 05 20
31 06 14
31 07 21
31 08 19
32 01 14
32 02 15
32 03 22
32 04 19
32 05 20
32 06 20
32 07 22
32 08 21
33 01 14
33 02 23
33 03 22
33 04 20
33 05 19
33 06 18
33 07 19
33 08 22
34 01 13
34 02 17
34 03 14
34 04 20
34 05 19
34 06 22
34 07 22
34 08 23
35 01 16
35 02 21
35 03 17
35 04 20
35 05 23
35 06 20
35 07 25
35 08 22
36 01 15
36 02 17
36 03 19
36 04 21
36 05 18
36 06 24
36 07 21
36 08 24
37 01 15
37 02 19
37 03 20
37 04 19
37 05 20
37 06 25
37 07 24
37 08 25
38 01 19
38 02 17
38 03 23
38 04 23
38 05 23
38 06 22
38 07 25
38 08 22
39 01 17
39 02 23
39 03 21
39 04 21
39 05 23
39 06 24
39 07 22
39 08 21
40 01 21
40 02 18
40 03 21
40 04 26
40 05 24
40 06 19
40 07 24
40 08 25
