01 01 2.131e-06
02 01 1.792e-06
02 02 1.957e-06
03 01 2.317e-06
03 02 1.975e-06
03 03 2.378e-06
04 01 2.173e-06
04 02 2.926e-06
04 03 2.771e-06
04 04 2.908e-06
05 01 3.002e-06
05 02 2.985e-06
05 03 3.250e-06
05 04 2.937e-06
05 05 3.119e-06
06 01 2.585e-06
06 02 3.246e-06
06 03 3.147e-06
06 04 3.224e-06
06 05 3.397e-06
06 06 3.538e-06
07 01 2.013e-06
07 02 2.649e-06
07 03 4.648e-06
07 04 4.281e-06
07 05 3.763e-06
07 06 4.455e-06
07 07 3.814e-06
08 01 2.283e-06
08 02 5.251e-06
08 03 5.374e-06
08 04 5.037e-06
08 05 5.684e-06
08 06 6.865e-06
08 07 8.672e-06
08 08 6.990e-06
09 01 3.409e-06
09 02 5.200e-06
09 03 7.932e-06
09 04 1.079e-05
09 05 1.470e-05
09 06 1.353e-05
09 07 1.477e-05
09 08 1.376e-05
10 01 4.595e-06
10 02 8.844e-06
10 03 1.168e-05
10 04 1.808e-05
10 05 2.175e-05
10 06 2.663e-05
10 07 2.355e-05
10 08 3.155e-05
11 01 4.891e-06
11 02 9.468e-06
11 03 1.297e-05
11 04 1.356e-05
11 05 2.799e-05
11 06 4.221e-05
11 07 4.349e-05
11 08 4.095e-05
12 01 6.203e-06
12 02 1.306e-05
12 03 1.289e-05
12 04 2.110e-05
12 05 4.856e-05
12 06 5.103e-05
12 07 5.571e-05
12 08 5.559e-05
13 01 6.841e-06
13 02 2.446e-05
13 03 3.787e-05
13 04 5.350e-05
13 05 8.556e-05
13 06 7.898e-05
13 07 8.505e-05
13 08 8.782e-05
14 01 4.427e-06
14 02 1.422e-05
14 03 4.288e-05
14 04 1.369e-04
14 05 1.065e-04
14 06 1.863e-04
14 07 2.120e-04
14 08 1.864e-04
15 01 7.965e-06
15 02 4.339e-05
15 03 7.157e-05
15 04 1.159e-04
15 05 1.244e-04
15 06 1.975e-04
15 07 2.321e-04
15 08 3.668e-04
16 01 2.072e-05
16 02 6.921e-05
16 03 1.061e-04
16 04 2.178e-04
16 05 1.742e-04
16 06 5.207e-04
16 07 7.137e-04
16 08 8.030e-04
17 01 2.164e-05
17 02 8.709e-05
17 03 2.912e-04
17 04 3.445e-04
17 05 7.015e-04
17 06 7.954e-04
17 07 1.134e-03
17 08 1.319e-03
18 01 7.673e-05
18 02 1.314e-04
18 03 2.314e-04
18 04 1.179e-03
18 05 1.319e-03
18 06 6.574e-04
18 07 1.697e-03
18 08 2.543e-03
19 01 1.252e-04
19 02 1.984e-04
19 03 3.784e-04
19 04 8.468e-04
19 05 1.399e-03
19 06 2.377e-03
19 07 2.345e-03
19 08 4.243e-03
20 01 2.952e-04
20 02 4.415e-04
20 03 9.537e-04
20 04 1.204e-03
20 05 2.908e-03
20 06 4.921e-03
20 07 2.966e-03
20 08 9.736e-03
21 01 2.222e-04
21 02 9.485e-04
21 03 1.994e-03
21 04 2.526e-03
21 05 3.979e-03
21 06 4.682e-03
21 07 9.166e-03
21 08 1.454e-02
22 01 2.090e-04
22 02 2.432e-04
22 03 2.500e-03
22 04 5.244e-03
22 05 3.621e-03
22 06 8.120e-03
22 07 1.271e-02
22 08 2.250e-02
23 01 1.559e-04
23 02 2.104e-03
23 03 9.131e-03
23 04 4.733e-03
23 05 1.966e-02
23 06 2.295e-02
23 07 3.029e-02
23 08 4.792e-02
24 01 4.955e-04
24 02 1.230e-03
24 03 7.897e-03
24 04 1.795e-02
24 05 1.053e-02
24 06 5.097e-02
24 07 4.492e-02
24 08 6.841e-02
25 01 6.084e-04
25 02 2.691e-03
25 03 1.284e-02
25 04 2.500e-02
25 05 3.038e-02
25 06 1.050e-01
25 07 6.688e-02
25 08 1.199e-01
26 01 1.320e-03
26 02 4.408e-03
26 03 3.176e-02
26 04 4.264e-02
26 05 5.525e-02
26 06 8.134e-02
26 07 1.011e-01
26 08 1.741e-01
27 01 3.553e-03
27 02 1.272e-02
27 03 2.170e-02
27 04 2.011e-02
27 05 3.658e-01
27 06 4.283e-01
27 07 1.712e-01
27 08 5.448e-01
28 01 5.287e-03
28 02 2.183e-02
28 03 1.698e-02
28 04 2.367e-01
28 05 1.124e-01
28 06 2.491e-01
28 07 8.160e-01
28 08 3.219e-01
29 01 2.356e-03
29 02 1.571e-02
29 03 5.363e-02
29 04 4.280e-01
29 05 3.484e-01
29 06 1.280e+00
29 07 1.981e+00
29 08 2.524e+00
30 01 1.211e-02
30 02 2.781e-02
30 03 4.058e-01
30 04 3.867e-01
30 05 3.068e-01
30 06 4.976e-01
30 07 1.704e+00
30 08 1.321e+00
31 01 6.115e-03
31 02 1.333e-02
31 03 4.378e-01
31 04 4.624e-01
31 05 1.840e+00
31 06 1.736e+00
31 07 7.839e-01
31 08 1.624e+00
32 01 8.115e-03
32 02 9.307e-02
32 03 6.134e-01
32 04 3.198e-01
32 05 2.177e+00
32 06 3.774e+00
32 07 2.150e+00
32 08 7.942e+00
33 01 7.115e-03
33 02 1.030e+00
33 03 4.552e-01
33 04 5.261e+00
33 05 8.709e+00
33 06 7.040e+00
33 07 3.072e+01
33 08 1.818e+01
34 01 3.964e-03
34 02 4.707e-01
34 03 3.005e+00
34 04 2.349e+01
34 05 1.685e+01
34 06 2.602e+01
34 07 3.835e+01
34 08 3.872e+01
35 01 7.271e-02
35 02 8.507e-01
35 03 1.127e+00
35 04 5.852e+00
35 05 8.379e+00
35 06 3.523e+01
35 07 4.542e+01
35 08 4.987e+01
36 01 1.983e-01
36 02 2.923e+00
36 03 5.987e+00
36 04 4.323e+00
36 05 3.062e+01
36 06 1.104e+02
36 07 8.257e+01
36 08 1.304e+02
37 01 1.258e-01
37 02 3.620e-01
37 03 1.073e+01
37 04 4.164e+01
37 05 1.063e+02
37 06 6.445e+01
37 07 4.279e+01
37 08 1.308e+02
38 01 3.579e-01
38 02 8.943e+00
38 03 3.358e+01
38 04 3.293e+01
38 05 9.457e+01
38 06 9.241e+01
38 07 3.441e+02
38 08 1.835e+02
39 01 4.409e-02
39 02 9.051e+00
39 03 2.846e+01
39 04 8.927e+01
39 05 2.356e+02
39 06 1.328e+02
39 07 3.615e+01
39 08 7.654e+02
40 01 1.856e-01
40 02 6.103e+01
40 03 1.052e+02
40 04 2.078e+02
40 05 2.473e+02
40 06 7.539e+02
40 07 3.997e+02
40 08 6.703e+02
