01 01 1.281e-06
02 01 1.189e-06
02 02 1.237e-06
03 01 1.754e-06
03 02 1.610e-06
03 03 1.822e-06
04 01 1.217e-06
04 02 1.560e-06
04 03 1.418e-06
04 04 2.051e-06
05 01 1.282e-06
05 02 1.727e-06
05 03 1.749e-06
05 04 1.987e-06
05 05 1.599e-06
06 01 1.129e-06
06 02 2.041e-06
06 03 2.385e-06
06 04 2.095e-06
06 05 2.572e-06
06 06 2.520e-06
07 01 1.869e-06
07 02 2.418e-06
07 03 2.560e-06
07 04 3.881e-06
07 05 4.483e-06
07 06 3.955e-06
07 07 4.979e-06
08 01 2.115e-06
08 02 3.623e-06
08 03 4.419e-06
08 04 5.570e-06
08 05 5.306e-06
08 06 5.485e-06
08 07 5.974e-06
08 08 5.938e-06
09 01 2.551e-06
09 02 3.723e-06
09 03 5.790e-06
09 04 1.048e-05
09 05 6.628e-06
09 06 8.248e-06
09 07 8.461e-06
09 08 8.446e-06
10 01 3.414e-06
10 02 7.327e-06
10 03 7.431e-06
10 04 1.126e-05
10 05 1.293e-05
10 06 1.479e-05
10 07 2.001e-05
10 08 1.472e-05
11 01 4.924e-06
11 02 7.907e-06
11 03 9.032e-06
11 04 2.337e-05
11 05 1.677e-05
11 06 2.307e-05
11 07 2.506e-05
11 08 2.825e-05
12 01 5.715e-06
12 02 6.778e-06
12 03 1.637e-05
12 04 1.984e-05
12 05 3.519e-05
12 06 3.872e-05
12 07 4.256e-05
12 08 3.320e-05
13 01 3.201e-06
13 02 9.768e-06
13 03 2.398e-05
13 04 2.636e-05
13 05 5.867e-05
13 06 7.393e-05
13 07 7.685e-05
13 08 7.643e-05
14 01 8.342e-06
14 02 1.812e-05
14 03 4.671e-05
14 04 4.072e-05
14 05 5.515e-05
14 06 1.240e-04
14 07 1.349e-04
14 08 1.605e-04
15 01 5.224e-06
15 02 5.811e-05
15 03 7.125e-05
15 04 1.412e-04
15 05 1.421e-04
15 06 1.843e-04
15 07 4.966e-04
15 08 3.334e-04
16 01 2.434e-05
16 02 3.671e-05
16 03 1.401e-04
16 04 1.813e-04
16 05 2.569e-04
16 06 4.165e-04
16 07 3.400e-04
16 08 5.178e-04
17 01 1.704e-05
17 02 6.363e-05
17 03 1.129e-04
17 04 6.258e-04
17 05 5.435e-04
17 06 6.665e-04
17 07 8.166e-04
17 08 8.333e-04
18 01 2.504e-05
18 02 8.599e-05
18 03 1.813e-04
18 04 3.573e-04
18 05 6.153e-04
18 06 1.063e-03
18 07 2.256e-03
18 08 1.687e-03
19 01 3.537e-05
19 02 1.566e-04
19 03 2.284e-04
19 04 6.568e-04
19 05 4.389e-04
19 06 1.715e-03
19 07 3.393e-03
19 08 2.795e-03
20 01 7.806e-05
20 02 5.726e-04
20 03 1.701e-03
20 04 1.720e-03
20 05 2.759e-03
20 06 4.398e-03
20 07 5.079e-03
20 08 4.290e-03
21 01 1.132e-04
21 02 5.147e-04
21 03 8.938e-04
21 04 1.763e-03
21 05 5.984e-03
21 06 6.009e-03
21 07 5.705e-03
21 08 1.470e-02
22 01 1.247e-04
22 02 6.364e-04
22 03 4.566e-03
22 04 1.524e-03
22 05 1.137e-02
22 06 9.966e-03
22 07 6.716e-03
22 08 1.714e-02
23 01 3.341e-04
23 02 3.911e-03
23 03 6.961e-03
23 04 8.295e-03
23 05 1.180e-02
23 06 2.119e-02
23 07 2.405e-02
23 08 3.512e-02
24 01 1.674e-04
24 02 9.964e-04
24 03 6.583e-03
24 04 3.490e-02
24 05 1.198e-02
24 06 2.979e-02
24 07 5.510e-02
24 08 3.324e-02
25 01 7.094e-04
25 02 4.672e-03
25 03 5.897e-03
25 04 1.978e-02
25 05 1.720e-02
25 06 5.082e-02
25 07 6.565e-02
25 08 9.816e-02
26 01 2.850e-03
26 02 1.227e-02
26 03 4.406e-02
26 04 3.117e-02
26 05 4.755e-02
26 06 8.169e-02
26 07 1.633e-01
26 08 1.902e-01
27 01 1.117e-03
27 02 4.772e-02
27 03 1.762e-02
27 04 4.758e-02
27 05 1.330e-01
27 06 2.994e-01
27 07 1.866e-01
27 08 4.080e-01
28 01 1.322e-03
28 02 2.271e-02
28 03 8.006e-02
28 04 3.715e-01
28 05 9.279e-02
28 06 4.450e-01
28 07 7.868e-01
28 08 5.036e-01
29 01 7.990e-03
29 02 1.197e-01
29 03 9.272e-02
29 04 2.501e-01
29 05 1.406e-01
29 06 3.538e-01
29 07 2.988e-01
29 08 1.869e+00
30 01 7.286e-03
30 02 1.518e-02
30 03 5.799e-02
30 04 2.132e-01
30 05 1.587e+00
30 06 1.024e+00
30 07 6.051e-01
30 08 4.660e+00
31 01 1.446e-02
31 02 9.833e-02
31 03 1.568e+00
31 04 1.494e+00
31 05 2.212e+00
31 06 1.319e+00
31 07 2.164e+00
31 08 5.223e+00
32 01 2.302e-03
32 02 1.202e-01
32 03 1.727e-01
32 04 2.834e+00
32 05 1.265e+01
32 06 2.348e+00
32 07 5.607e+00
32 08 1.878e+00
33 01 6.477e-03
33 02 2.950e-01
33 03 4.464e-01
33 04 6.549e-01
33 05 3.018e+00
33 06 8.203e+00
33 07 6.595e+00
33 08 2.202e+01
34 01 2.950e-02
34 02 7.286e-02
34 03 1.573e+00
34 04 1.030e+01
34 05 9.138e+00
34 06 7.913e+00
34 07 2.448e+01
34 08 2.017e+01
35 01 2.352e-01
35 02 3.720e-02
35 03 4.512e+00
35 04 1.663e+01
35 05 1.395e+01
35 06 6.018e+00
35 07 1.268e+01
35 08 3.662e+01
36 01 1.255e-01
36 02 7.262e-01
36 03 1.243e+01
36 04 1.894e+01
36 05 1.805e+01
36 06 6.850e+01
36 07 1.523e+02
36 08 7.152e+01
37 01 4.380e-02
37 02 4.804e+00
37 03 1.407e+01
37 04 5.900e+00
37 05 3.360e+01
37 06 6.701e+01
37 07 2.040e+02
37 08 2.192e+02
38 01 3.295e-01
38 02 1.730e+01
38 03 1.876e+01
38 04 3.873e+01
38 05 1.827e+01
38 06 7.947e+02
38 07 5.430e+02
38 08 3.692e+02
39 01 2.298e-01
39 02 1.047e+01
39 03 3.707e+01
39 04 1.314e+02
39 05 1.274e+02
39 06 1.821e+02
39 07 1.538e+03
39 08 9.086e+02
40 01 1.974e-01
40 02 7.615e+00
40 03 1.589e+02
40 04 5.497e+01
40 05 4.892e+02
40 06 1.409e+03
40 07 5.945e+02
40 08 1.813e+03
