01 01 1
02 01 1
02 02 1
03 01 3
03 02 1
03 03 1
04 01 1
04 02 6
04 03 1
04 04 1
05 01 5
05 02 2
05 03 10
05 04 1
05 05 1
06 01 4
06 02 1
06 03 9
06 04 1
06 05 1
06 06 1
07 01 2
07 02 15
07 03 9
07 04 10
07 05 1
07 06 1
07 07 1
08 01 1
08 02 1
08 03 7
08 04 35
08 05 5
08 06 1
08 07 8
08 08 1
09 01 6
09 02 11
09 03 13
09 04 12
09 05 4
09 06 1
09 07 8
09 08 9
10 01 14
10 02 19
10 03 37
10 04 54
10 05 70
10 06 56
10 07 8
10 08 1
11 01 26
11 02 20
11 03 100
11 04 210
11 05 462
11 06 83
11 07 8
11 08 1
12 01 12
12 02 13
12 03 76
12 04 85
12 05 28
12 06 6
12 07 28
12 08 8
13 01 16
13 02 2
13 03 4
13 04 28
13 05 1
13 06 157
13 07 4
13 08 450
14 01 40
14 02 9
14 03 16
14 04 5
14 05 28
14 06 266
14 07 18
14 08 77
15 01 2
15 02 30
15 03 3
15 04 10
15 05 657
15 06 833
15 07 1680
15 08 792
16 01 5
16 02 156
16 03 151
16 04 5
16 05 1891
16 06 94
16 07 25
16 08 2058
17 01 4
17 02 117
17 03 38
17 04 165
17 05 245
17 06 444
17 07 798
17 08 102
18 01 16
18 02 38
18 03 672
18 04 183
18 05 98
18 06 5452
18 07 2079
18 08 105
19 01 108
19 02 64
19 03 41
19 04 2009
19 05 58
19 06 1208
19 07 2695
19 08 341
20 01 40
20 02 28
20 03 80
20 04 2
20 05 4
20 06 949
20 07 3146
20 08 29
21 01 60
21 02 86
21 03 96
21 04 39
21 05 12
21 06 1075
21 07 4688
21 08 2955
22 01 60
22 02 18
22 03 63
22 04 1635
22 05 315
22 06 167
22 07 94
22 08 4760
23 01 40
23 02 16
23 03 225
23 04 185
23 05 70
23 06 623
23 07 7
23 08 2334
24 01 96
24 02 432
24 03 169
24 04 174
24 05 3
24 06 3827
24 07 209
24 08 16861
25 01 36
25 02 96
25 03 1490
25 04 30
25 05 90
25 06 170
25 07 948
25 08 1404
26 01 96
26 02 762
26 03 24
26 04 1476
26 05 1655
26 06 83
26 07 4901
26 08 11008
27 01 144
27 02 5
27 03 441
27 04 9563
27 05 1660
27 06 1361
27 07 6705
27 08 16
28 01 60
28 02 75
28 03 16
28 04 3165
28 05 30
28 06 2
28 07 4235
28 08 10290
29 01 576
29 02 10476
29 03 5372
29 04 205
29 05 127
29 06 81
29 07 12988
29 08 30
30 01 1056
30 02 1881
30 03 1830
30 04 53
30 05 12
30 06 468
30 07 72
30 08 10842
31 01 2880
31 02 2196
31 03 57
31 04 934
31 05 840
31 06 1470
31 07 6926
31 08 9202
32 01 25
32 02 504
32 03 3320
32 04 848
32 05 272
32 06 4662
32 07 16548
32 08 700
33 01 210
33 02 7000
33 03 5356
33 04 40
33 05 1515
33 06 2591
33 07 410
33 08 9
34 01 64
34 02 72
34 03 222
34 04 180
34 05 754
34 06 90
34 07 422
34 08 4972
35 01 1152
35 02 2340
35 03 6364
35 04 3967
35 05 24
35 06 726
35 07 39990
35 08 5931
36 01 480
36 02 11232
36 03 12960
36 04 428
36 05 4289
36 06 52
36 07 11472
36 08 68147
37 01 720
37 02 36
37 03 678
37 04 15216
37 05 7609
37 06 115121
37 07 10430
37 08 10631
38 01 42
38 02 216
38 03 294
38 04 39097
38 05 351
38 06 11995
38 07 5194
38 08 26203
39 01 1440
39 02 1395
39 03 120
39 04 324714
39 05 258765
39 06 200661
39 07 88
39 08 27972
40 01 44
40 02 8964
40 03 13536
40 04 15180
40 05 980
40 06 25764
40 07 258
40 08 4978
