01 01 1
02 01 2
02 02 1
03 01 3
03 02 1
03 03 1
04 01 4
04 02 2
04 03 4
04 04 1
05 01 3
05 02 10
05 03 4
05 04 5
05 05 1
06 01 4
06 02 4
06 03 9
06 04 1
06 05 1
06 06 1
07 01 2
07 02 21
07 03 2
07 04 35
07 05 1
07 06 7
07 07 1
08 01 4
08 02 3
08 03 31
08 04 5
08 05 1
08 06 7
08 07 8
08 08 1
09 01 4
09 02 10
09 03 12
09 04 22
09 05 4
09 06 1
09 07 1
09 08 1
10 01 24
10 02 1
10 03 16
10 04 28
10 05 20
10 06 1
10 07 1
10 08 1
11 01 1
11 02 56
11 03 48
11 04 140
11 05 11
11 06 77
11 07 36
11 08 45
12 01 64
12 02 1
12 03 12
12 04 120
12 05 228
12 06 924
12 07 8
12 08 8
13 01 14
13 02 2
13 03 34
13 04 13
13 05 391
13 06 145
13 07 35
13 08 44
14 01 27
14 02 17
14 03 36
14 04 116
14 05 160
14 06 462
14 07 330
14 08 39
15 01 4
15 02 45
15 03 83
15 04 32
15 05 100
15 06 84
15 07 1218
15 08 44
16 01 48
16 02 196
16 03 43
16 04 126
16 05 360
16 06 105
16 07 1358
16 08 315
17 01 30
17 02 3
17 03 44
17 04 76
17 05 279
17 06 45
17 07 2344
17 08 1839
18 01 72
18 02 45
18 03 10
18 04 163
18 05 329
18 06 568
18 07 152
18 08 6049
19 01 12
19 02 15
19 03 90
19 04 98
19 05 111
19 06 1
19 07 260
19 08 666
20 01 12
20 02 44
20 03 10
20 04 9
20 05 557
20 06 4
20 07 485
20 08 966
21 01 126
21 02 252
21 03 756
21 04 230
21 05 47
21 06 42
21 07 14924
21 08 539
22 01 48
22 02 18
22 03 141
22 04 471
22 05 91
22 06 57
22 07 2121
22 08 49
23 01 720
23 02 9
23 03 876
23 04 654
23 05 2243
23 06 280
23 07 5628
23 08 2911
24 01 12
24 02 171
24 03 6540
24 04 8622
24 05 228
24 06 705
24 07 2461
24 08 567
25 01 216
25 02 120
25 03 367
25 04 798
25 05 8
25 06 242
25 07 1268
25 08 16
26 01 192
26 02 1
26 03 480
26 04 93
26 05 2811
26 06 7652
26 07 1306
26 08 11774
27 01 96
27 02 1836
27 03 254
27 04 651
27 05 510
27 06 660
27 07 8658
27 08 55262
28 01 64
28 02 159
28 03 240
28 04 50
28 05 75
28 06 487
28 07 570
28 08 3009
29 01 32
29 02 64
29 03 2209
29 04 90
29 05 44227
29 06 23032
29 07 5846
29 08 827
30 01 96
30 02 729
30 03 25625
30 04 5070
30 05 236
30 06 261
30 07 5775
30 08 339
31 01 48
31 02 660
31 03 7228
31 04 25
31 05 216
31 06 74432
31 07 546
31 08 25525
32 01 288
32 02 47748
32 03 88
32 04 169
32 05 2412
32 06 27
32 07 221
32 08 161
33 01 432
33 02 116
33 03 56
33 04 750
33 05 4805
33 06 91
33 07 269916
33 08 865
34 01 576
34 02 4752
34 03 14427
34 04 4161
34 05 1817
34 06 4866
34 07 1026
34 08 10023
35 01 90
35 02 700
35 03 840
35 04 34388
35 05 91
35 06 406
35 07 2
35 08 221894
36 01 640
36 02 1800
36 03 24790
36 04 696
36 05 912526
36 06 7
36 07 122001
36 08 4
37 01 6144
37 02 84
37 03 123144
37 04 9687
37 05 3307320
37 06 4224
37 07 214428
37 08 12076
38 01 1536
38 02 46800
38 03 1080
38 04 25
38 05 17400
38 06 65
38 07 85
38 08 32
39 01 432
39 02 3024
39 03 3168
39 04 46082
39 05 8775
39 06 7350
39 07 487
39 08 40743
40 01 464
40 02 6000
40 03 32652
40 04 1350
40 05 16408
40 06 75720
40 07 34705
40 08 10240
