01 01 1
02 01 2
02 02 1
03 01 1
03 02 1
03 03 1
04 01 4
04 02 6
04 03 4
04 04 1
05 01 6
05 02 5
05 03 3
05 04 1
05 05 1
06 01 5
06 02 10
06 03 20
06 04 5
06 05 1
06 06 1
07 01 4
07 02 5
07 03 35
07 04 14
07 05 1
07 06 1
07 07 1
08 01 4
08 02 9
08 03 4
08 04 9
08 05 4
08 06 1
08 07 1
08 08 1
09 01 18
09 02 2
09 03 16
09 04 126
09 05 56
09 06 7
09 07 1
09 08 1
10 01 4
10 02 2
10 03 9
10 04 47
10 05 6
10 06 6
10 07 36
10 08 1
11 01 4
11 02 7
11 03 13
11 04 16
11 05 35
11 06 1
11 07 7
11 08 45
12 01 8
12 02 3
12 03 133
12 04 21
12 05 53
12 06 185
12 07 8
12 08 1
13 01 6
13 02 20
13 03 88
13 04 49
13 05 13
13 06 202
13 07 98
13 08 112
14 01 12
14 02 24
14 03 483
14 04 36
14 05 495
14 06 25
14 07 80
14 08 147
15 01 50
15 02 3
15 03 4
15 04 21
15 05 125
15 06 459
15 07 34
15 08 156
16 01 31
16 02 79
16 03 68
16 04 85
16 05 400
16 06 21
16 07 4719
16 08 896
17 01 3
17 02 18
17 03 12
17 04 1
17 05 430
17 06 1496
17 07 251
17 08 12375
18 01 15
18 02 172
18 03 136
18 04 3
18 05 133
18 06 540
18 07 1372
18 08 12825
19 01 48
19 02 45
19 03 280
19 04 6
19 05 810
19 06 2695
19 07 203
19 08 792
20 01 42
20 02 45
20 03 60
20 04 1438
20 05 270
20 06 166
20 07 832
20 08 6160
21 01 48
21 02 333
21 03 72
21 04 37
21 05 46
21 06 56
21 07 385
21 08 514
22 01 27
22 02 72
22 03 73
22 04 292
22 05 24
22 06 318
22 07 5915
22 08 13223
23 01 96
23 02 700
23 03 40
23 04 192
23 05 2140
23 06 1555
23 07 1703
23 08 2550
24 01 144
24 02 58
24 03 32
24 04 336
24 05 459
24 06 253
24 07 4555
24 08 16124
25 01 24
25 02 202
25 03 240
25 04 1066
25 05 210
25 06 214
25 07 5924
25 08 47
26 01 234
26 02 405
26 03 540
26 04 18
26 05 621
26 06 51
26 07 1568
26 08 9219
27 01 168
27 02 350
27 03 60
27 04 15
27 05 11
27 06 1352
27 07 126
27 08 50
28 01 288
28 02 675
28 03 384
28 04 1109
28 05 5082
28 06 165
28 07 1299
28 08 19
29 01 60
29 02 252
29 03 2640
29 04 75
29 05 195
29 06 32291
29 07 1097
29 08 60
30 01 96
30 02 156
30 03 41
30 04 8
30 05 133
30 06 136797
30 07 143700
30 08 5098
31 01 225
31 02 234
31 03 531
31 04 36
31 05 391
31 06 10341
31 07 338
31 08 102
32 01 9
32 02 270
32 03 724
32 04 15
32 05 261
32 06 26149
32 07 5406
32 08 280
33 01 288
33 02 846
33 03 6200
33 04 8900
33 05 288
33 06 1729
33 07 12330
33 08 15733
34 01 2880
34 02 1485
34 03 112
34 04 186
34 05 200
34 06 156
34 07 7178
34 08 1896
35 01 8
35 02 360
35 03 3108
35 04 120159
35 05 1701
35 06 81290
35 07 4330
35 08 1616
36 01 1728
36 02 1470
36 03 1295
36 04 470
36 05 2304
36 06 22388
36 07 31925
36 08 134
37 01 1080
37 02 110
37 03 5148
37 04 249
37 05 15556
37 06 33890
37 07 15456
37 08 309192
38 01 1920
38 02 312
38 03 1010
38 04 11200
38 05 225688
38 06 245451
38 07 179951
38 08 139699
39 01 360
39 02 42
39 03 456
39 04 692
39 05 2140
39 06 21
39 07 1798360
39 08 12555
40 01 1904
40 02 594
40 03 2880
40 04 2380
40 05 114546
40 06 6171040
40 07 15060
40 08 28315
