01 01 513
02 01 4496
02 02 1571
03 01 2823
03 02 2726
03 03 8865
04 01 5475
04 02 6287
04 03 8294
04 04 7339
05 01 8740
05 02 8305
05 03 10236
05 04 8382
05 05 10621
06 01 8157
06 02 7545
06 03 9471
06 04 9326
06 05 10769
06 06 14380
07 01 15229
07 02 6871
07 03 8603
07 04 9869
07 05 8373
07 06 13698
07 07 14224
08 01 11442
08 02 13955
08 03 9588
08 04 9424
08 05 15753
08 06 18970
08 07 19580
08 08 25181
09 01 10062
09 02 9572
09 03 10239
09 04 14918
09 05 10356
09 06 18558
09 07 16376
09 08 19822
10 01 10753
10 02 13940
10 03 14398
10 04 9469
10 05 15285
10 06 13747
10 07 20511
10 08 18995
11 01 16923
11 02 12843
11 03 14131
11 04 14520
11 05 19935
11 06 19945
11 07 23280
11 08 28850
12 01 9787
12 02 20247
12 03 13466
12 04 17462
12 05 16686
12 06 18325
12 07 18460
12 08 25060
13 01 28698
13 02 16902
13 03 13208
13 04 16714
13 05 17760
13 06 23456
13 07 19114
13 08 20408
14 01 21772
14 02 25911
14 03 19219
14 04 20462
14 05 19784
14 06 21749
14 07 24737
14 08 22720
15 01 22838
15 02 16713
15 03 23555
15 04 13524
15 05 20521
15 06 26583
15 07 24236
15 08 23343
16 01 31767
16 02 14295
16 03 22141
16 04 19807
16 05 20264
16 06 18444
16 07 25261
16 08 25339
17 01 32358
17 02 22182
17 03 20253
17 04 17937
17 05 21676
17 06 29290
17 07 23569
17 08 23177
18 01 26364
18 02 20246
18 03 21551
18 04 24061
18 05 22528
18 06 21296
18 07 22430
18 08 26698
19 01 29064
19 02 19399
19 03 20044
19 04 27598
19 05 23331
19 06 24936
19 07 23369
19 08 30719
20 01 29630
20 02 30768
20 03 28388
20 04 30431
20 05 23323
20 06 27442
20 07 25932
20 08 25953
21 01 22559
21 02 28632
21 03 30744
21 04 27717
21 05 27126
21 06 28372
21 07 25879
21 08 28408
22 01 30298
22 02 21818
22 03 23423
22 04 38202
22 05 29805
22 06 27180
22 07 29281
22 08 38579
23 01 42828
23 02 31768
23 03 27549
23 04 32906
23 05 29106
23 06 29485
23 07 25313
23 08 31752
24 01 35373
24 02 52665
24 03 29656
24 04 30867
24 05 33772
24 06 34121
24 07 38332
24 08 30770
25 01 29354
25 02 46060
25 03 39829
25 04 33668
25 05 35239
25 06 35941
25 07 34920
25 08 29991
26 01 28212
26 02 36888
26 03 38758
26 04 36546
26 05 41214
26 06 36105
26 07 40072
26 08 28847
27 01 35325
27 02 35243
27 03 46706
27 04 32199
27 05 36710
27 06 38804
27 07 36363
27 08 34831
28 01 41096
28 02 34750
28 03 37892
28 04 35256
28 05 33014
28 06 39779
28 07 30220
28 08 34772
29 01 42479
29 02 42248
29 03 35982
29 04 39540
29 05 40989
29 06 44216
29 07 35262
29 08 39105
30 01 55127
30 02 32584
30 03 43561
30 04 44278
30 05 45476
30 06 42212
30 07 38828
30 08 35017
31 01 32173
31 02 45966
31 03 39941
31 04 48283
31 05 42471
31 06 39692
31 07 38751
31 08 41297
32 01 42876
32 02 39054
32 03 45574
32 04 45206
32 05 39476
32 06 48133
32 07 45563
32 08 36439
33 01 44306
33 02 36044
33 03 38443
33 04 48617
33 05 50230
33 06 42181
33 07 53193
33 08 48582
34 01 51530
34 02 36205
34 03 65277
34 04 56652
34 05 38462
34 06 51724
34 07 45678
34 08 43118
35 01 40980
35 02 43907
35 03 49091
35 04 59055
35 05 54497
35 06 49955
35 07 47327
35 08 40770
36 01 52636
36 02 49089
36 03 67499
36 04 57712
36 05 43507
36 06 48323
36 07 60956
36 08 44931
37 01 49092
37 02 44961
37 03 67085
37 04 55612
37 05 47475
37 06 54622
37 07 55734
37 08 46785
38 01 43649
38 02 70305
38 03 54284
38 04 77102
38 05 59529
38 06 60228
38 07 56884
38 08 67000
39 01 63161
39 02 68543
39 03 61422
39 04 56102
39 05 59936
39 06 57479
39 07 53285
39 08 51047
40 01 65510
40 02 50525
40 03 46216
40 04 41852
40 05 46440
40 06 57473
40 07 64189
40 08 55812
