NMec = 98629
T = 21
P = 1
Profits ignored
Solution time = 1.099e-04
Programing Tasks = 9
Terminal Cases = 48
Task date  Profit    P
  6   152   1        -1  
  9   16    1        0   
  21  28    1        0   
  24  40    1        -1  
  25  40    1        -1  
  28  38    1        -1  
  37  43    1        0   
  78  88    1        -1  
  84  93    1        0   
  129 144   1        -1  
  130 140   1        0   
  134 149   1        -1  
  146 155   1        0   
  158 169   1        -1  
  159 169   1        0   
  168 180   1        -1  
  176 183   1        -1  
  176 184   1        -1  
  179 186   1        0   
  190 196   1        -1  
  192 205   1        0   
End
