NMec = 98629
T = 22
P = 1
Profits ignored
Solution time = 1.069e-04
Programing Tasks = 10
Terminal Cases = 27
Task date  Profit    P
  15  34    1        -1  
  20  68    1        -1  
  25  33    1        -1  
  26  49    1        -1  
  27  37    1        0   
  33  54    1        -1  
  40  126   1        -1  
  47  58    1        0   
  60  78    1        0   
  68  87    1        -1  
  79  87    1        0   
  93  111   1        -1  
  97  113   1        -1  
  101 114   1        0   
  111 131   1        -1  
  119 135   1        0   
  136 154   1        -1  
  150 167   1        0   
  166 174   1        -1  
  168 176   1        0   
  179 183   1        0   
  202 216   1        0   
End
