NMec = 98629
T = 25
P = 3
Profits ignored
Solution time = 7.667e-03
Programing Tasks = 13
Terminal Cases = 240
Task date  Profit    P
  1   71    1        0   
  2   66    1        1   
  3   11    1        2   
  4   20    1        -1  
  5   29    1        -1  
  6   9     1        -1  
  8   25    1        -1  
  8   26    1        -1  
  9   27    1        -1  
  9   81    1        -1  
  10  21    1        -1  
  19  33    1        2   
  19  33    1        -1  
  23  32    1        -1  
  31  40    1        -1  
  31  44    1        -1  
  37  52    1        2   
  40  81    1        -1  
  42  50    1        -1  
  44  69    1        -1  
  51  70    1        -1  
  52  55    1        -1  
  56  65    1        2   
  58  79    1        -1  
  65  68    1        -1  
End
