NMec = 98629
T = 25
P = 1
Profits ignored
Solution time = 5.329e-04
Programing Tasks = 12
Terminal Cases = 24
Task date  Profit    P
  7   15    1        -1  
  11  17    1        0   
  24  36    1        0   
  37  120   1        -1  
  55  64    1        0   
  61  83    1        -1  
  64  87    1        -1  
  71  72    1        0   
  79  90    1        -1  
  81  85    1        0   
  88  103   1        -1  
  88  159   1        -1  
  97  112   1        0   
  150 159   1        0   
  159 162   1        -1  
  160 172   1        0   
  165 189   1        -1  
  176 182   1        0   
  183 211   1        -1  
  202 210   1        0   
  205 219   1        -1  
  206 212   1        -1  
  212 220   1        0   
  234 245   1        -1  
  235 245   1        0   
End
