NMec = 98629
T = 25
P = 2
Profits ignored
Solution time = 4.375e-03
Programing Tasks = 13
Terminal Cases = 202
Task date  Profit    P
  3   13    1        0   
  8   26    1        -1  
  10  36    1        -1  
  15  30    1        -1  
  18  20    1        0   
  19  35    1        1   
  33  55    1        -1  
  34  38    1        0   
  37  55    1        -1  
  40  99    1        -1  
  43  61    1        0   
  45  51    1        1   
  55  82    1        -1  
  60  75    1        1   
  66  81    1        -1  
  66  86    1        -1  
  69  80    1        -1  
  69  93    1        -1  
  71  82    1        0   
  79  85    1        1   
  84  90    1        0   
  97  112   1        -1  
  101 122   1        0   
  103 105   1        1   
  109 123   1        1   
End
