NMec = 98629
T = 25
P = 4
Profits ignored
Solution time = 2.240e-02
Programing Tasks = 14
Terminal Cases = 1066
Task date  Profit    P
  0   10    1        0   
  0   54    1        1   
  1   18    1        2   
  1   52    1        3   
  3   35    1        -1  
  6   20    1        -1  
  7   23    1        -1  
  8   17    1        -1  
  11  21    1        0   
  12  16    1        -1  
  12  45    1        -1  
  24  39    1        0   
  25  35    1        2   
  25  48    1        -1  
  26  47    1        -1  
  30  49    1        -1  
  32  40    1        -1  
  32  43    1        -1  
  35  39    1        -1  
  36  43    1        2   
  36  43    1        -1  
  42  46    1        0   
  45  48    1        2   
  46  54    1        -1  
  50  60    1        0   
End
