NMec = 98629
T = 25
P = 5
Profits ignored
Solution time = 2.086e-02
Programing Tasks = 13
Terminal Cases = 210
Task date  Profit    P
  0   38    1        0   
  1   26    1        1   
  2   37    1        2   
  2   49    1        3   
  3   21    1        4   
  4   12    1        -1  
  5   21    1        -1  
  6   38    1        -1  
  8   21    1        -1  
  8   25    1        -1  
  11  13    1        -1  
  13  21    1        -1  
  13  28    1        -1  
  13  41    1        -1  
  14  36    1        -1  
  17  22    1        -1  
  20  30    1        -1  
  21  30    1        -1  
  21  43    1        -1  
  23  27    1        4   
  26  36    1        -1  
  30  49    1        1   
  32  38    1        4   
  33  41    1        -1  
  36  49    1        -1  
End
