NMec = 98629
T = 26
P = 4
Profits ignored
Solution time = 2.724e-02
Programing Tasks = 16
Terminal Cases = 18
Task date  Profit    P
  2   13    1        0   
  3   52    1        -1  
  4   61    1        -1  
  5   25    1        -1  
  11  19    1        1   
  11  19    1        2   
  11  29    1        3   
  13  36    1        -1  
  14  37    1        -1  
  16  22    1        0   
  16  39    1        -1  
  18  32    1        -1  
  20  31    1        1   
  20  33    1        2   
  23  46    1        -1  
  25  39    1        0   
  32  40    1        1   
  32  42    1        3   
  35  44    1        -1  
  36  44    1        -1  
  43  50    1        0   
  43  58    1        1   
  44  46    1        2   
  44  59    1        3   
  49  50    1        2   
  51  64    1        0   
End
