NMec = 98629
T = 26
P = 1
Profits ignored
Solution time = 2.671e-03
Programing Tasks = 13
Terminal Cases = 234
Task date  Profit    P
  3   10    1        -1  
  3   16    1        -1  
  5   17    1        0   
  18  27    1        -1  
  22  41    1        -1  
  24  31    1        0   
  33  38    1        0   
  58  74    1        0   
  90  102   1        0   
  94  240   1        -1  
  104 109   1        0   
  114 137   1        -1  
  129 153   1        -1  
  131 145   1        0   
  150 164   1        -1  
  154 158   1        0   
  164 178   1        -1  
  165 174   1        -1  
  166 178   1        0   
  184 197   1        0   
  198 211   1        -1  
  198 218   1        -1  
  203 218   1        0   
  229 233   1        0   
  231 253   1        -1  
  247 252   1        0   
End
