NMec = 98629
T = 26
P = 2
Profits ignored
Solution time = 9.719e-03
Programing Tasks = 14
Terminal Cases = 405
Task date  Profit    P
  1   24    1        -1  
  4   13    1        -1  
  5   12    1        0   
  5   13    1        1   
  7   25    1        -1  
  15  26    1        -1  
  21  33    1        0   
  22  35    1        1   
  29  41    1        -1  
  30  44    1        -1  
  34  41    1        0   
  37  126   1        -1  
  38  51    1        1   
  50  67    1        -1  
  55  78    1        -1  
  57  71    1        -1  
  62  70    1        -1  
  63  89    1        -1  
  64  69    1        0   
  65  81    1        1   
  81  96    1        0   
  87  99    1        1   
  99  112   1        0   
  101 114   1        1   
  120 124   1        0   
  122 129   1        1   
End
