NMec = 98629
T = 26
P = 3
Profits ignored
Solution time = 4.165e-02
Programing Tasks = 16
Terminal Cases = 540
Task date  Profit    P
  0   15    1        0   
  7   17    1        1   
  10  26    1        -1  
  12  35    1        -1  
  18  29    1        -1  
  21  31    1        0   
  23  85    1        -1  
  25  31    1        1   
  25  32    1        2   
  30  50    1        -1  
  35  46    1        -1  
  35  47    1        0   
  36  39    1        1   
  36  58    1        -1  
  38  42    1        2   
  46  53    1        1   
  47  54    1        -1  
  47  56    1        -1  
  51  55    1        0   
  52  62    1        2   
  53  72    1        -1  
  54  63    1        1   
  58  73    1        0   
  64  79    1        1   
  70  76    1        2   
  74  79    1        0   
End
